1/2-SBSRNA4 	 0
A1BG 	 0
A1BG-AS1 	 0
A1CF 	 0
A2LD1 	 0
A2M 	 0
A2ML1 	 0
A2MP1 	 0
A4GALT 	 0
A4GNT 	 0
AA06 	 0
AAA1 	 0
AAAS 	 0
AACS 	 0
AACSP1 	 0
AADAC 	 0
AADACL2 	 0
AADACL3 	 0
AADACL4 	 0
AADAT 	 0
AAGAB 	 0
AAK1 	 0
AAMP 	 226
AANAT 	 0
AARS 	 0
AARS2 	 0
AARSD1 	 0
AASDH 	 0
AASDHPPT 	 0
AASS 	 2
AATF 	 0
AATK 	 0
AATK-AS1 	 0
ABAT 	 0
ABCA1 	 0
ABCA10 	 0
ABCA11P 	 0
ABCA12 	 0
ABCA13 	 0
ABCA17P 	 0
ABCA2 	 0
ABCA3 	 0
ABCA4 	 0
ABCA5 	 0
ABCA6 	 0
ABCA7 	 0
ABCA8 	 0
ABCA9 	 0
ABCB1 	 0
ABCB10 	 0
ABCB11 	 0
ABCB4 	 0
ABCB5 	 0
ABCB6 	 0
ABCB7 	 5
ABCB8 	 0
ABCB9 	 0
ABCC1 	 0
ABCC10 	 0
ABCC11 	 0
ABCC12 	 0
ABCC13 	 0
ABCC2 	 0
ABCC3 	 0
ABCC4 	 0
ABCC5 	 0
ABCC6 	 0
ABCC6P1 	 0
ABCC6P2 	 0
ABCC8 	 0
ABCC9 	 0
ABCD1 	 0
ABCD2 	 0
ABCD3 	 0
ABCD4 	 0
ABCE1 	 225
ABCF1 	 0
ABCF2 	 0
ABCF3 	 0
ABCG1 	 0
ABCG2 	 0
ABCG4 	 0
ABCG5 	 0
ABCG8 	 0
ABHD1 	 0
ABHD10 	 0
ABHD11 	 0
ABHD11-AS1 	 0
ABHD12 	 0
ABHD12B 	 0
ABHD13 	 0
ABHD14A 	 0
ABHD14A-ACY1 	 0
ABHD14B 	 0
ABHD15 	 0
ABHD16A 	 0
ABHD16B 	 0
ABHD2 	 0
ABHD3 	 0
ABHD4 	 0
ABHD5 	 479
ABHD6 	 37
ABHD8 	 0
ABI1 	 0
ABI2 	 89
ABI3 	 0
ABI3BP 	 0
ABL1 	 0
ABL2 	 1
ABLIM1 	 0
ABLIM2 	 0
ABLIM3 	 0
ABO 	 0
ABP1 	 0
ABR 	 0
ABRA 	 0
ABT1 	 0
ABTB1 	 0
ABTB2 	 0
ACAA1 	 0
ACAA2 	 0
ACACA 	 0
ACACB 	 0
ACAD10 	 0
ACAD11 	 0
ACAD8 	 0
ACAD9 	 0
ACADL 	 0
ACADM 	 0
ACADS 	 0
ACADSB 	 0
ACADVL 	 0
ACAN 	 0
ACAP1 	 0
ACAP2 	 0
ACAP3 	 0
ACAT1 	 0
ACAT2 	 0
ACBD3 	 123
ACBD4 	 0
ACBD5 	 0
ACBD6 	 0
ACBD7 	 0
ACCN1 	 0
ACCN2 	 0
ACCN3 	 0
ACCN4 	 0
ACCN5 	 0
ACCS 	 0
ACCSL 	 0
ACD 	 0
ACE 	 0
ACE2 	 0
ACER1 	 0
ACER2 	 0
ACER3 	 0
ACHE 	 0
ACIN1 	 0
ACLY 	 122
ACMSD 	 0
ACN9 	 0
ACO1 	 0
ACO2 	 0
ACOT1 	 0
ACOT11 	 0
ACOT12 	 0
ACOT13 	 0
ACOT2 	 0
ACOT4 	 0
ACOT6 	 0
ACOT7 	 0
ACOT8 	 0
ACOT9 	 0
ACOX1 	 0
ACOX2 	 0
ACOX3 	 0
ACOXL 	 0
ACP1 	 548
ACP2 	 0
ACP5 	 0
ACP6 	 0
ACPL2 	 0
ACPP 	 0
ACPT 	 0
ACR 	 0
ACRBP 	 0
ACRC 	 0
ACRV1 	 0
ACSBG1 	 0
ACSBG2 	 0
ACSF2 	 0
ACSF3 	 0
ACSL1 	 0
ACSL3 	 0
ACSL4 	 33
ACSL5 	 0
ACSL6 	 0
ACSM1 	 0
ACSM2A 	 0
ACSM2B 	 0
ACSM3 	 0
ACSM4 	 0
ACSM5 	 0
ACSS1 	 0
ACSS2 	 0
ACSS3 	 0
ACTA1 	 0
ACTA2 	 0
ACTB 	 599
ACTBL2 	 0
ACTC1 	 0
ACTG1 	 321
ACTG2 	 0
ACTL10 	 0
ACTL6A 	 75
ACTL6B 	 0
ACTL7A 	 0
ACTL7B 	 0
ACTL8 	 0
ACTL9 	 0
ACTN1 	 0
ACTN2 	 0
ACTN3 	 0
ACTN4 	 0
ACTR10 	 0
ACTR1A 	 0
ACTR1B 	 0
ACTR2 	 0
ACTR3 	 0
ACTR3B 	 0
ACTR3BP2 	 0
ACTR3BP5 	 0
ACTR3C 	 0
ACTR5 	 0
ACTR6 	 0
ACTR8 	 0
ACTRT1 	 0
ACTRT2 	 0
ACVR1 	 0
ACVR1B 	 0
ACVR1C 	 0
ACVR2A 	 0
ACVR2B 	 0
ACVRL1 	 0
ACY1 	 0
ACY3 	 0
ACYP1 	 0
ACYP2 	 0
ADA 	 0
ADAD1 	 0
ADAD2 	 0
ADAL 	 0
ADAM1 	 0
ADAM10 	 0
ADAM11 	 0
ADAM12 	 0
ADAM15 	 0
ADAM17 	 0
ADAM18 	 0
ADAM19 	 0
ADAM2 	 0
ADAM20 	 0
ADAM21 	 0
ADAM21P1 	 0
ADAM22 	 0
ADAM23 	 0
ADAM28 	 0
ADAM29 	 0
ADAM30 	 0
ADAM32 	 0
ADAM33 	 0
ADAM3A 	 0
ADAM5P 	 0
ADAM6 	 0
ADAM7 	 0
ADAM8 	 0
ADAM9 	 0
ADAMDEC1 	 0
ADAMTS1 	 0
ADAMTS10 	 0
ADAMTS12 	 0
ADAMTS13 	 0
ADAMTS14 	 0
ADAMTS15 	 0
ADAMTS16 	 0
ADAMTS17 	 0
ADAMTS18 	 0
ADAMTS19 	 0
ADAMTS2 	 0
ADAMTS20 	 0
ADAMTS3 	 0
ADAMTS4 	 0
ADAMTS5 	 0
ADAMTS6 	 0
ADAMTS7 	 0
ADAMTS8 	 0
ADAMTS9 	 0
ADAMTS9-AS2 	 0
ADAMTSL1 	 0
ADAMTSL2 	 0
ADAMTSL3 	 0
ADAMTSL4 	 0
ADAMTSL5 	 0
ADAP1 	 0
ADAP2 	 0
ADAR 	 0
ADARB1 	 0
ADARB2 	 0
ADARB2-AS1 	 0
ADAT1 	 0
ADAT2 	 0
ADAT3 	 0
ADC 	 0
ADCK1 	 0
ADCK2 	 0
ADCK3 	 0
ADCK4 	 0
ADCK5 	 0
ADCY1 	 68
ADCY10 	 0
ADCY2 	 0
ADCY3 	 66
ADCY4 	 0
ADCY5 	 0
ADCY6 	 0
ADCY7 	 0
ADCY8 	 0
ADCY9 	 0
ADCYAP1 	 0
ADCYAP1R1 	 0
ADD1 	 21
ADD2 	 0
ADD3 	 0
ADGB 	 0
ADH1A 	 0
ADH1B 	 0
ADH1C 	 0
ADH4 	 0
ADH5 	 0
ADH6 	 0
ADH7 	 0
ADHFE1 	 0
ADI1 	 0
ADIG 	 0
ADIPOQ 	 0
ADIPOR1 	 0
ADIPOR2 	 0
ADK 	 0
ADM 	 0
ADM2 	 0
ADNP 	 1
ADNP2 	 0
ADO 	 0
ADORA1 	 0
ADORA2A 	 0
ADORA2B 	 0
ADORA3 	 0
ADPGK 	 1
ADPRH 	 0
ADPRHL1 	 0
ADPRHL2 	 0
ADRA1A 	 0
ADRA1B 	 0
ADRA1D 	 0
ADRA2A 	 74
ADRA2B 	 0
ADRA2C 	 0
ADRB1 	 0
ADRB2 	 0
ADRB3 	 0
ADRBK1 	 0
ADRBK2 	 0
ADRM1 	 0
ADSL 	 0
ADSS 	 0
ADSSL1 	 0
ADTRP 	 0
AEBP1 	 0
AEBP2 	 0
AEN 	 0
AES 	 22
AFAP1 	 0
AFAP1-AS1 	 0
AFAP1L1 	 0
AFAP1L2 	 0
AFF1 	 0
AFF2 	 0
AFF3 	 33
AFF4 	 0
AFG3L1P 	 0
AFG3L2 	 0
AFM 	 0
AFMID 	 0
AFP 	 0
AFTPH 	 0
AGA 	 0
AGAP1 	 0
AGAP11 	 0
AGAP2 	 0
AGAP3 	 0
AGAP4 	 0
AGAP5 	 0
AGAP6 	 0
AGAP7 	 0
AGAP8 	 0
AGAP9 	 0
AGBL1 	 0
AGBL2 	 0
AGBL3 	 0
AGBL4 	 0
AGBL5 	 0
AGFG1 	 44
AGFG2 	 0
AGGF1 	 0
AGK 	 0
AGL 	 0
AGMAT 	 0
AGMO 	 0
AGPAT1 	 0
AGPAT2 	 0
AGPAT3 	 0
AGPAT4 	 0
AGPAT4-IT1 	 0
AGPAT5 	 0
AGPAT6 	 0
AGPAT9 	 0
AGPHD1 	 0
AGPS 	 0
AGR2 	 0
AGR3 	 0
AGRN 	 0
AGRP 	 0
AGT 	 0
AGTPBP1 	 0
AGTR1 	 0
AGTR2 	 0
AGTRAP 	 0
AGXT 	 0
AGXT2 	 0
AGXT2L1 	 0
AGXT2L2 	 0
AHCTF1 	 0
AHCY 	 0
AHCYL1 	 0
AHCYL2 	 0
AHDC1 	 0
AHI1 	 0
AHNAK 	 0
AHNAK2 	 0
AHR 	 0
AHRR 	 0
AHSA1 	 0
AHSA2 	 0
AHSG 	 0
AHSP 	 0
AICDA 	 0
AIDA 	 0
AIF1 	 0
AIF1L 	 0
AIFM1 	 0
AIFM2 	 0
AIFM3 	 0
AIG1 	 0
AIM1 	 0
AIM1L 	 0
AIM2 	 0
AIMP1 	 0
AIMP2 	 0
AIP 	 0
AIPL1 	 0
AIRE 	 0
AJAP1 	 0
AJUBA 	 0
AK1 	 0
AK2 	 0
AK3 	 0
AK4 	 0
AK5 	 0
AK7 	 0
AK8 	 0
AKAP1 	 0
AKAP10 	 0
AKAP11 	 0
AKAP12 	 70
AKAP13 	 0
AKAP14 	 0
AKAP2 	 0
AKAP3 	 0
AKAP4 	 0
AKAP5 	 0
AKAP6 	 0
AKAP7 	 11
AKAP8 	 410
AKAP8L 	 0
AKAP9 	 474
AKD1 	 0
AKIP1 	 0
AKIRIN1 	 5
AKIRIN2 	 376
AKIRIN2-AS1 	 0
AKNA 	 0
AKNAD1 	 0
AKR1A1 	 0
AKR1B1 	 0
AKR1B10 	 0
AKR1B15 	 0
AKR1C1 	 0
AKR1C2 	 0
AKR1C3 	 0
AKR1C4 	 0
AKR1CL1 	 0
AKR1D1 	 0
AKR1E2 	 0
AKR7A2 	 0
AKR7A2P1 	 0
AKR7A3 	 0
AKR7L 	 0
AKT1 	 0
AKT1S1 	 0
AKT2 	 0
AKT3 	 3
AKTIP 	 0
ALAD 	 0
ALAS1 	 0
ALAS2 	 0
ALB 	 0
ALCAM 	 0
ALDH16A1 	 0
ALDH18A1 	 0
ALDH1A1 	 0
ALDH1A2 	 0
ALDH1A3 	 0
ALDH1B1 	 19
ALDH1L1 	 0
ALDH1L2 	 0
ALDH2 	 0
ALDH3A1 	 0
ALDH3A2 	 0
ALDH3B1 	 0
ALDH3B2 	 0
ALDH4A1 	 0
ALDH5A1 	 0
ALDH6A1 	 0
ALDH7A1 	 0
ALDH8A1 	 0
ALDH9A1 	 0
ALDOA 	 0
ALDOB 	 0
ALDOC 	 0
ALG1 	 0
ALG10 	 0
ALG10B 	 0
ALG11 	 0
ALG12 	 0
ALG13 	 1
ALG14 	 0
ALG1L 	 0
ALG1L2 	 0
ALG2 	 0
ALG3 	 0
ALG5 	 0
ALG6 	 0
ALG8 	 0
ALG9 	 0
ALK 	 0
ALKBH1 	 0
ALKBH2 	 0
ALKBH3 	 0
ALKBH4 	 0
ALKBH5 	 0
ALKBH6 	 0
ALKBH7 	 0
ALKBH8 	 0
ALLC 	 0
ALMS1 	 0
ALMS1P 	 0
ALOX12 	 0
ALOX12B 	 0
ALOX12P2 	 0
ALOX15 	 0
ALOX15B 	 0
ALOX15P1 	 0
ALOX5 	 0
ALOX5AP 	 0
ALOXE3 	 0
ALPI 	 0
ALPK1 	 0
ALPK2 	 0
ALPK3 	 0
ALPL 	 0
ALPP 	 0
ALPPL2 	 0
ALS2 	 0
ALS2CL 	 0
ALS2CR11 	 0
ALS2CR12 	 0
ALS2CR8 	 0
ALX1 	 0
ALX3 	 0
ALX4 	 0
ALYREF 	 0
AMACR 	 0
AMBN 	 0
AMBP 	 0
AMBRA1 	 0
AMD1 	 0
AMDHD1 	 0
AMDHD2 	 0
AMELX 	 0
AMFR 	 1
AMH 	 0
AMHR2 	 0
AMICA1 	 0
AMIGO1 	 0
AMIGO2 	 0
AMIGO3 	 0
AMMECR1 	 0
AMMECR1L 	 0
AMN 	 0
AMN1 	 0
AMOT 	 0
AMOTL1 	 416
AMOTL2 	 396
AMPD1 	 0
AMPD2 	 0
AMPD3 	 0
AMPH 	 0
AMT 	 0
AMTN 	 0
AMY2A 	 0
AMY2B 	 0
AMZ1 	 0
AMZ2 	 0
AMZ2P1 	 0
ANAPC1 	 0
ANAPC10 	 177
ANAPC11 	 0
ANAPC13 	 11
ANAPC16 	 0
ANAPC2 	 0
ANAPC4 	 0
ANAPC5 	 138
ANAPC7 	 0
ANG 	 0
ANGEL1 	 0
ANGEL2 	 0
ANGPT1 	 0
ANGPT2 	 0
ANGPT4 	 0
ANGPTL1 	 0
ANGPTL2 	 0
ANGPTL3 	 0
ANGPTL4 	 0
ANGPTL5 	 0
ANGPTL6 	 0
ANGPTL7 	 8
ANK1 	 0
ANK2 	 244
ANK3 	 0
ANKAR 	 0
ANKDD1A 	 0
ANKFN1 	 0
ANKFY1 	 0
ANKH 	 0
ANKHD1 	 0
ANKHD1-EIF4EBP3 	 0
ANKIB1 	 0
ANKK1 	 0
ANKLE1 	 0
ANKLE2 	 0
ANKMY1 	 0
ANKMY2 	 0
ANKRA2 	 0
ANKRD1 	 0
ANKRD10 	 0
ANKRD11 	 0
ANKRD12 	 4
ANKRD13A 	 0
ANKRD13B 	 0
ANKRD13C 	 0
ANKRD13D 	 0
ANKRD16 	 0
ANKRD17 	 1
ANKRD18A 	 0
ANKRD18B 	 0
ANKRD18DP 	 0
ANKRD19P 	 0
ANKRD2 	 0
ANKRD20A11P 	 0
ANKRD20A3 	 0
ANKRD20A4 	 0
ANKRD20A5P 	 0
ANKRD20A8P 	 0
ANKRD20A9P 	 0
ANKRD22 	 0
ANKRD23 	 0
ANKRD24 	 0
ANKRD26 	 0
ANKRD26P1 	 0
ANKRD26P3 	 0
ANKRD27 	 0
ANKRD28 	 0
ANKRD29 	 0
ANKRD30A 	 0
ANKRD30B 	 0
ANKRD30BL 	 0
ANKRD30BP2 	 0
ANKRD31 	 0
ANKRD32 	 0
ANKRD33 	 0
ANKRD33B 	 0
ANKRD34A 	 0
ANKRD34B 	 0
ANKRD34C 	 0
ANKRD35 	 0
ANKRD36 	 0
ANKRD36B 	 1
ANKRD36BP1 	 0
ANKRD36BP2 	 0
ANKRD37 	 0
ANKRD39 	 0
ANKRD40 	 0
ANKRD42 	 0
ANKRD44 	 0
ANKRD45 	 0
ANKRD46 	 0
ANKRD49 	 0
ANKRD5 	 0
ANKRD50 	 0
ANKRD52 	 55
ANKRD53 	 0
ANKRD54 	 0
ANKRD55 	 0
ANKRD6 	 0
ANKRD62P1-PARP4P3 	 0
ANKRD65 	 0
ANKRD7 	 0
ANKRD9 	 0
ANKS1A 	 0
ANKS1B 	 0
ANKS3 	 0
ANKS4B 	 0
ANKS6 	 0
ANKUB1 	 0
ANKZF1 	 0
ANLN 	 0
ANO1 	 0
ANO10 	 0
ANO2 	 0
ANO3 	 0
ANO4 	 0
ANO5 	 0
ANO6 	 0
ANO7 	 0
ANO8 	 0
ANO9 	 0
ANP32A 	 0
ANP32A-IT1 	 0
ANP32AP1 	 0
ANP32B 	 0
ANP32C 	 0
ANP32D 	 0
ANP32E 	 0
ANPEP 	 0
ANTXR1 	 0
ANTXR2 	 0
ANTXRL 	 0
ANXA1 	 0
ANXA10 	 0
ANXA11 	 0
ANXA13 	 0
ANXA2 	 0
ANXA2P1 	 0
ANXA2P2 	 0
ANXA2P3 	 0
ANXA3 	 0
ANXA4 	 0
ANXA5 	 0
ANXA6 	 0
ANXA7 	 0
ANXA8L2 	 0
ANXA9 	 0
AOAH 	 0
AOC2 	 0
AOC3 	 0
AOC4 	 0
AOX1 	 0
AOX2P 	 0
AP1AR 	 0
AP1B1 	 1
AP1B1P1 	 0
AP1G1 	 2
AP1G2 	 0
AP1M1 	 1
AP1M2 	 0
AP1S1 	 0
AP1S2 	 157
AP1S3 	 0
AP2A1 	 3
AP2A2 	 0
AP2B1 	 341
AP2M1 	 8
AP2S1 	 2
AP3B1 	 0
AP3B2 	 0
AP3D1 	 1
AP3M1 	 0
AP3M2 	 0
AP3S1 	 0
AP3S2 	 0
AP4B1 	 0
AP4E1 	 0
AP4M1 	 0
AP4S1 	 0
AP5B1 	 0
APAF1 	 0
APBA1 	 0
APBA2 	 1
APBA3 	 0
APBB1 	 0
APBB1IP 	 0
APBB2 	 0
APBB3 	 0
APC 	 3
APC2 	 0
APCDD1 	 0
APCDD1L 	 0
APCS 	 0
APEH 	 0
APEX1 	 0
APEX2 	 0
APH1A 	 0
APH1B 	 0
API5 	 0
APIP 	 0
APITD1 	 0
APITD1-CORT 	 0
APLF 	 0
APLN 	 0
APLNR 	 0
APLP1 	 0
APLP2 	 0
APOA1 	 0
APOA1BP 	 0
APOA2 	 0
APOA4 	 0
APOA5 	 0
APOB 	 0
APOBEC1 	 0
APOBEC2 	 0
APOBEC3A 	 0
APOBEC3B 	 0
APOBEC3C 	 0
APOBEC3D 	 0
APOBEC3F 	 0
APOBEC3G 	 0
APOBEC3H 	 0
APOBEC4 	 0
APOBR 	 0
APOC1 	 0
APOC1P1 	 0
APOC3 	 0
APOC4-APOC2 	 0
APOD 	 0
APOE 	 0
APOF 	 0
APOH 	 0
APOL1 	 0
APOL2 	 0
APOL3 	 0
APOL4 	 0
APOL5 	 0
APOL6 	 0
APOLD1 	 0
APOO 	 34
APOOL 	 2
APOPT1 	 0
APP 	 114
APPBP2 	 1
APPL1 	 1
APPL2 	 1
APRT 	 0
APTX 	 0
AQP1 	 0
AQP10 	 0
AQP11 	 0
AQP12A 	 0
AQP12B 	 0
AQP2 	 0
AQP3 	 0
AQP4 	 0
AQP5 	 0
AQP6 	 0
AQP7 	 0
AQP7P1 	 0
AQP7P3 	 0
AQP8 	 0
AQP9 	 0
AQPEP 	 0
AQR 	 0
AR 	 0
ARAF 	 0
ARAP1 	 0
ARAP2 	 0
ARAP3 	 0
ARC 	 0
ARCN1 	 0
AREG 	 0
ARF1 	 0
ARF3 	 0
ARF4 	 206
ARF5 	 0
ARF6 	 0
ARFGAP1 	 0
ARFGAP2 	 0
ARFGAP3 	 0
ARFGEF1 	 0
ARFGEF2 	 0
ARFIP1 	 18
ARFIP2 	 0
ARFRP1 	 0
ARG1 	 0
ARG2 	 0
ARGFX 	 0
ARGFXP2 	 0
ARGLU1 	 0
ARHGAP1 	 1
ARHGAP10 	 0
ARHGAP11A 	 0
ARHGAP11B 	 0
ARHGAP12 	 0
ARHGAP15 	 0
ARHGAP17 	 0
ARHGAP18 	 0
ARHGAP19 	 0
ARHGAP19-SLIT1 	 0
ARHGAP20 	 0
ARHGAP21 	 365
ARHGAP22 	 0
ARHGAP23 	 1
ARHGAP24 	 0
ARHGAP25 	 0
ARHGAP26 	 0
ARHGAP28 	 0
ARHGAP29 	 0
ARHGAP30 	 0
ARHGAP31 	 0
ARHGAP32 	 14
ARHGAP33 	 0
ARHGAP35 	 0
ARHGAP36 	 0
ARHGAP39 	 0
ARHGAP4 	 0
ARHGAP40 	 0
ARHGAP42 	 0
ARHGAP44 	 0
ARHGAP5 	 0
ARHGAP5-AS1 	 0
ARHGAP6 	 0
ARHGAP9 	 0
ARHGDIA 	 0
ARHGDIB 	 0
ARHGDIG 	 0
ARHGEF1 	 0
ARHGEF10 	 0
ARHGEF10L 	 0
ARHGEF11 	 3
ARHGEF12 	 47
ARHGEF15 	 0
ARHGEF16 	 0
ARHGEF17 	 0
ARHGEF18 	 0
ARHGEF19 	 0
ARHGEF2 	 0
ARHGEF25 	 0
ARHGEF26 	 0
ARHGEF26-AS1 	 0
ARHGEF3 	 0
ARHGEF33 	 0
ARHGEF35 	 0
ARHGEF37 	 0
ARHGEF38 	 0
ARHGEF4 	 0
ARHGEF40 	 0
ARHGEF5 	 0
ARHGEF6 	 0
ARHGEF7 	 1
ARHGEF9 	 0
ARID1A 	 10
ARID1B 	 321
ARID2 	 1
ARID3A 	 0
ARID3B 	 0
ARID3C 	 0
ARID4A 	 0
ARID4B 	 339
ARID5A 	 0
ARID5B 	 0
ARIH1 	 1
ARIH2 	 0
ARL1 	 802
ARL10 	 0
ARL11 	 0
ARL13A 	 0
ARL13B 	 0
ARL14 	 0
ARL15 	 0
ARL16 	 0
ARL17A 	 0
ARL2 	 0
ARL2BP 	 0
ARL3 	 5
ARL4A 	 0
ARL4C 	 0
ARL4D 	 0
ARL5A 	 0
ARL5B 	 0
ARL5C 	 0
ARL6 	 0
ARL6IP1 	 0
ARL6IP4 	 0
ARL6IP5 	 0
ARL6IP6 	 0
ARL8A 	 0
ARL8B 	 0
ARL9 	 0
ARMC1 	 0
ARMC10 	 0
ARMC12 	 0
ARMC2 	 0
ARMC3 	 0
ARMC4 	 0
ARMC5 	 0
ARMC6 	 0
ARMC7 	 0
ARMC8 	 97
ARMC9 	 0
ARMCX1 	 0
ARMCX2 	 0
ARMCX3 	 224
ARMCX4 	 0
ARMCX5 	 0
ARMCX5-GPRASP2 	 0
ARMCX6 	 0
ARMS2 	 0
ARNT 	 0
ARNT2 	 0
ARNTL 	 0
ARNTL2 	 0
ARPC1A 	 0
ARPC1B 	 0
ARPC2 	 7
ARPC3 	 9
ARPC4 	 2
ARPC4-TTLL3 	 0
ARPC5 	 452
ARPC5L 	 0
ARPM1 	 0
ARPP19 	 1
ARPP21 	 0
ARR3 	 0
ARRB1 	 3
ARRB2 	 0
ARRDC1 	 0
ARRDC2 	 0
ARRDC3 	 0
ARRDC4 	 0
ARRDC5 	 0
ARSA 	 0
ARSB 	 0
ARSD 	 0
ARSE 	 0
ARSF 	 0
ARSG 	 0
ARSH 	 0
ARSI 	 0
ARSJ 	 0
ARSK 	 0
ART1 	 0
ART3 	 0
ART4 	 0
ART5 	 0
ARTN 	 0
ARV1 	 0
ARVCF 	 0
ARX 	 0
AS3MT 	 0
ASAH1 	 94
ASAH2 	 0
ASAH2B 	 0
ASAP1 	 24
ASAP1-IT1 	 0
ASAP2 	 1221
ASAP3 	 0
ASB1 	 0
ASB10 	 0
ASB11 	 0
ASB12 	 0
ASB13 	 0
ASB14 	 0
ASB15 	 0
ASB16 	 0
ASB17 	 0
ASB18 	 0
ASB2 	 0
ASB3 	 0
ASB4 	 0
ASB5 	 0
ASB6 	 0
ASB7 	 0
ASB8 	 3
ASB9 	 0
ASB9P1 	 0
ASCC1 	 0
ASCC2 	 0
ASCC3 	 0
ASCL1 	 0
ASCL2 	 0
ASCL3 	 0
ASCL4 	 0
ASF1A 	 407
ASF1B 	 0
ASGR1 	 0
ASGR2 	 0
ASH1L 	 1
ASH2L 	 0
ASIP 	 0
ASL 	 0
ASMTL 	 0
ASMTL-AS1 	 0
ASNA1 	 0
ASNS 	 57
ASNSD1 	 2
ASPA 	 0
ASPDH 	 0
ASPG 	 0
ASPH 	 0
ASPHD1 	 0
ASPHD2 	 0
ASPM 	 0
ASPN 	 0
ASPRV1 	 0
ASPSCR1 	 0
ASRGL1 	 0
ASS1 	 0
ASTE1 	 0
ASTL 	 0
ASTN1 	 0
ASTN2 	 0
ASUN 	 0
ASXL1 	 0
ASXL2 	 0
ASXL3 	 35
ASZ1 	 0
ATAD1 	 3
ATAD2 	 0
ATAD2B 	 0
ATAD3A 	 0
ATAD3B 	 0
ATAD3C 	 0
ATAD5 	 0
ATAT1 	 0
ATCAY 	 50
ATE1 	 0
ATF1 	 0
ATF2 	 1
ATF3 	 0
ATF4 	 330
ATF5 	 0
ATF6 	 0
ATF6B 	 0
ATF7 	 28
ATF7IP 	 20
ATF7IP2 	 0
ATG10 	 0
ATG12 	 1
ATG13 	 74
ATG14 	 0
ATG16L1 	 0
ATG16L2 	 0
ATG2A 	 0
ATG2B 	 0
ATG3 	 1
ATG4A 	 0
ATG4B 	 0
ATG4C 	 0
ATG4D 	 0
ATG5 	 0
ATG7 	 0
ATG9A 	 0
ATG9B 	 0
ATHL1 	 0
ATIC 	 0
ATL1 	 0
ATL2 	 1
ATL3 	 0
ATM 	 0
ATMIN 	 0
ATN1 	 0
ATOH1 	 0
ATOH7 	 0
ATOH8 	 0
ATOX1 	 0
ATP10A 	 0
ATP10B 	 0
ATP10D 	 0
ATP11A 	 0
ATP11B 	 0
ATP11C 	 0
ATP12A 	 0
ATP13A1 	 0
ATP13A2 	 0
ATP13A3 	 13
ATP13A4 	 0
ATP13A5 	 0
ATP1A1 	 0
ATP1A1OS 	 0
ATP1A2 	 0
ATP1A3 	 0
ATP1A4 	 0
ATP1B1 	 5
ATP1B2 	 0
ATP1B3 	 1
ATP1B4 	 0
ATP2A1 	 0
ATP2A2 	 0
ATP2A3 	 0
ATP2B1 	 251
ATP2B2 	 0
ATP2B3 	 0
ATP2B4 	 0
ATP2C1 	 0
ATP2C2 	 0
ATP4A 	 0
ATP4B 	 0
ATP5A1 	 74
ATP5B 	 48
ATP5C1 	 29
ATP5D 	 0
ATP5E 	 9
ATP5EP2 	 4
ATP5F1 	 0
ATP5G1 	 112
ATP5G2 	 0
ATP5G3 	 0
ATP5H 	 0
ATP5I 	 86
ATP5J 	 235
ATP5J2 	 39
ATP5L 	 1
ATP5L2 	 0
ATP5O 	 87
ATP5S 	 0
ATP5SL 	 0
ATP6AP1 	 0
ATP6AP1L 	 0
ATP6AP2 	 0
ATP6V0A1 	 0
ATP6V0A2 	 0
ATP6V0A4 	 0
ATP6V0B 	 0
ATP6V0C 	 0
ATP6V0CP3 	 0
ATP6V0D1 	 0
ATP6V0D2 	 0
ATP6V0E1 	 291
ATP6V0E2 	 0
ATP6V1A 	 0
ATP6V1B1 	 0
ATP6V1B2 	 0
ATP6V1C1 	 0
ATP6V1C2 	 0
ATP6V1D 	 0
ATP6V1E1 	 197
ATP6V1E2 	 0
ATP6V1F 	 102
ATP6V1G1 	 4
ATP6V1G2 	 0
ATP6V1G3 	 0
ATP6V1H 	 0
ATP7A 	 0
ATP7B 	 0
ATP8A1 	 0
ATP8A2 	 0
ATP8B1 	 0
ATP8B2 	 0
ATP8B3 	 0
ATP8B4 	 0
ATP8B5P 	 0
ATP9A 	 0
ATP9B 	 0
ATPAF1 	 0
ATPAF1-AS1 	 0
ATPAF2 	 0
ATPBD4 	 0
ATPIF1 	 0
ATR 	 0
ATRIP 	 0
ATRN 	 9
ATRNL1 	 0
ATRX 	 32
ATXN1 	 124
ATXN10 	 0
ATXN1L 	 81
ATXN2 	 198
ATXN2L 	 0
ATXN3 	 0
ATXN3L 	 0
ATXN7 	 219
ATXN7L1 	 0
ATXN7L2 	 0
ATXN7L3 	 0
ATXN7L3B 	 460
ATXN8OS 	 0
AUH 	 0
AUP1 	 0
AURKA 	 0
AURKAIP1 	 0
AURKAPS1 	 0
AURKB 	 0
AURKC 	 0
AUTS2 	 16
AVEN 	 0
AVIL 	 0
AVL9 	 0
AVPI1 	 0
AVPR1A 	 0
AVPR1B 	 0
AVPR2 	 0
AWAT1 	 0
AWAT2 	 0
AXDND1 	 1
AXIN1 	 0
AXIN2 	 0
AXL 	 0
AZGP1 	 0
AZGP1P1 	 0
AZI1 	 0
AZI2 	 0
AZIN1 	 0
AZU1 	 0
B2M 	 0
B3GALNT1 	 0
B3GALNT2 	 0
B3GALT1 	 0
B3GALT2 	 0
B3GALT4 	 0
B3GALT5 	 0
B3GALT6 	 0
B3GALTL 	 0
B3GAT1 	 0
B3GAT2 	 0
B3GAT3 	 0
B3GNT1 	 0
B3GNT2 	 0
B3GNT3 	 0
B3GNT4 	 0
B3GNT5 	 0
B3GNT6 	 0
B3GNT7 	 0
B3GNT8 	 0
B3GNT9 	 0
B3GNTL1 	 0
B4GALNT1 	 0
B4GALNT2 	 0
B4GALNT3 	 0
B4GALNT4 	 0
B4GALT1 	 0
B4GALT2 	 0
B4GALT3 	 0
B4GALT4 	 0
B4GALT5 	 36
B4GALT6 	 0
B4GALT7 	 0
B7H6 	 0
B9D1 	 0
B9D2 	 0
BAALC 	 0
BAAT 	 0
BABAM1 	 0
BACE1 	 45
BACE1-AS 	 0
BACE2 	 0
BACH1 	 0
BACH2 	 0
BAD 	 0
BAG1 	 0
BAG2 	 0
BAG3 	 0
BAG4 	 0
BAG5 	 0
BAG6 	 0
BAGE 	 0
BAGE4 	 0
BAHCC1 	 0
BAHD1 	 0
BAI1 	 17
BAI2 	 0
BAI3 	 198
BAIAP2 	 6
BAIAP2L1 	 0
BAIAP2L2 	 0
BAIAP3 	 0
BAK1 	 0
BAMBI 	 0
BANF1 	 7
BANF2 	 0
BANK1 	 0
BANP 	 0
BAP1 	 2
BARD1 	 0
BARHL2 	 0
BARX1 	 0
BARX2 	 0
BASP1 	 64
BASP1P1 	 0
BATF 	 0
BATF2 	 0
BATF3 	 0
BAX 	 0
BAZ1A 	 1
BAZ1B 	 304
BAZ2A 	 0
BAZ2B 	 0
BBC3 	 0
BBIP1 	 0
BBOX1 	 0
BBS1 	 0
BBS10 	 0
BBS12 	 0
BBS2 	 0
BBS4 	 0
BBS5 	 0
BBS7 	 0
BBS9 	 0
BBX 	 0
BCAM 	 0
BCAN 	 0
BCAP29 	 0
BCAP31 	 180
BCAR1 	 0
BCAR3 	 0
BCAR4 	 0
BCAS1 	 0
BCAS2 	 0
BCAS3 	 0
BCAS4 	 0
BCAT1 	 0
BCAT2 	 0
BCCIP 	 0
BCDIN3D 	 11
BCHE 	 0
BCKDHA 	 0
BCKDHB 	 0
BCKDK 	 0
BCL10 	 3
BCL11A 	 3276
BCL11B 	 0
BCL2 	 0
BCL2A1 	 0
BCL2L1 	 103
BCL2L10 	 0
BCL2L11 	 0
BCL2L12 	 0
BCL2L13 	 0
BCL2L14 	 0
BCL2L15 	 0
BCL2L2 	 0
BCL2L2-PABPN1 	 0
BCL3 	 0
BCL6 	 0
BCL6B 	 0
BCL7A 	 0
BCL7B 	 0
BCL7C 	 0
BCL9 	 6
BCL9L 	 0
BCLAF1 	 618
BCMO1 	 0
BCO2 	 0
BCOR 	 0
BCORL1 	 0
BCORP1 	 0
BCR 	 0
BCRP2 	 0
BCRP3 	 0
BCS1L 	 0
BCYRN1 	 0
BDAG1 	 0
BDH1 	 0
BDH2 	 0
BDKRB1 	 0
BDKRB2 	 0
BDNF 	 0
BDNF-AS1 	 0
BDP1 	 0
BEAN1 	 0
BECN1 	 0
BEGAIN 	 0
BEND2 	 0
BEND3 	 0
BEND4 	 0
BEND5 	 12
BEND6 	 0
BEND7 	 0
BEST1 	 0
BEST2 	 0
BEST3 	 0
BEST4 	 0
BET1 	 0
BET1L 	 0
BET3L 	 0
BEX1 	 340
BEX2 	 1
BEX4 	 0
BEX5 	 0
BFAR 	 0
BFSP1 	 0
BFSP2 	 0
BGLAP 	 0
BGN 	 0
BHLHA15 	 0
BHLHB9 	 0
BHLHE22 	 40
BHLHE23 	 0
BHLHE40 	 0
BHLHE41 	 0
BHMT 	 1
BHMT2 	 0
BICC1 	 0
BICD1 	 91
BICD2 	 63
BID 	 0
BIK 	 0
BIN1 	 0
BIN2 	 0
BIN3 	 0
BIRC2 	 0
BIRC3 	 0
BIRC5 	 0
BIRC6 	 36
BIRC7 	 0
BIRC8 	 0
BIVM 	 0
BIVM-ERCC5 	 0
BK250D10.8 	 0
BLCAP 	 35
BLID 	 0
BLK 	 0
BLM 	 0
BLMH 	 0
BLNK 	 0
BLOC1S1 	 0
BLOC1S1-RDH5 	 0
BLOC1S2 	 30
BLOC1S3 	 0
BLVRA 	 0
BLVRB 	 0
BLZF1 	 0
BMF 	 0
BMI1 	 1
BMP1 	 0
BMP10 	 0
BMP15 	 0
BMP2 	 0
BMP2K 	 0
BMP3 	 0
BMP4 	 0
BMP5 	 0
BMP6 	 0
BMP7 	 0
BMP8A 	 0
BMP8B 	 0
BMPER 	 1
BMPR1A 	 0
BMPR1B 	 0
BMPR2 	 0
BMS1 	 0
BMS1P4 	 0
BMX 	 0
BNC1 	 0
BNC2 	 0
BNIP1 	 0
BNIP2 	 0
BNIP3 	 1
BNIP3L 	 0
BNIPL 	 0
BOC 	 0
BOD1 	 0
BOD1L 	 60
BOD1P 	 0
BOK 	 0
BOK-AS1 	 0
BOLA1 	 0
BOLA3 	 0
BOLA3-AS1 	 0
BOLL 	 0
BOP1 	 0
BORA 	 0
BPESC1 	 0
BPGM 	 0
BPHL 	 0
BPI 	 0
BPIFA1 	 0
BPIFA2 	 0
BPIFA3 	 0
BPIFA4P 	 0
BPIFB1 	 0
BPIFB2 	 0
BPIFB3 	 0
BPIFB4 	 0
BPIFB6 	 0
BPIFC 	 0
BPNT1 	 0
BPTF 	 45
BRAF 	 0
BRAP 	 0
BRAT1 	 0
BRCA1 	 0
BRCA2 	 0
BRCC3 	 0
BRD1 	 0
BRD2 	 0
BRD3 	 1
BRD4 	 17
BRD7 	 0
BRD7P3 	 0
BRD8 	 0
BRD9 	 0
BRDT 	 0
BRE 	 0
BREA2 	 0
BRF1 	 0
BRF2 	 0
BRI3 	 0
BRI3BP 	 0
BRIP1 	 0
BRIX1 	 0
BRK1 	 0
BRMS1 	 0
BRMS1L 	 0
BROX 	 0
BRP44 	 0
BRP44L 	 0
BRPF1 	 0
BRPF3 	 30
BRS3 	 0
BRSK1 	 0
BRSK2 	 0
BRWD1 	 572
BRWD1-IT2 	 0
BRWD3 	 0
BSCL2 	 0
BSDC1 	 5
BSG 	 0
BSN 	 0
BSN-AS2 	 0
BSND 	 0
BSPH1 	 0
BSPRY 	 0
BST1 	 0
BST2 	 0
BSX 	 0
BTAF1 	 25
BTBD1 	 0
BTBD10 	 0
BTBD11 	 0
BTBD16 	 0
BTBD17 	 0
BTBD18 	 0
BTBD19 	 0
BTBD2 	 0
BTBD3 	 0
BTBD6 	 0
BTBD7 	 0
BTBD8 	 0
BTBD9 	 41
BTC 	 0
BTD 	 0
BTF3 	 164
BTF3L4 	 7
BTF3P11 	 0
BTG1 	 0
BTG2 	 0
BTG3 	 0
BTG4 	 0
BTK 	 0
BTLA 	 0
BTN1A1 	 0
BTN2A1 	 1
BTN2A2 	 0
BTN2A3P 	 0
BTN3A1 	 0
BTN3A2 	 0
BTN3A3 	 0
BTNL2 	 0
BTNL3 	 0
BTNL8 	 0
BTNL9 	 0
BTRC 	 1
BUB1 	 0
BUB1B 	 0
BUB3 	 4
BUD13 	 0
BUD31 	 0
BVES 	 0
BVES-AS1 	 0
BYSL 	 0
BZRAP1 	 0
BZW1 	 127
BZW2 	 0
C10orf10 	 0
C10orf103 	 0
C10orf105 	 0
C10orf107 	 0
C10orf108 	 0
C10orf11 	 0
C10orf111 	 0
C10orf113 	 0
C10orf114 	 0
C10orf116 	 0
C10orf118 	 0
C10orf12 	 0
C10orf120 	 0
C10orf122 	 0
C10orf125 	 0
C10orf128 	 0
C10orf129 	 0
C10orf131 	 0
C10orf136 	 0
C10orf137 	 0
C10orf140 	 0
C10orf2 	 0
C10orf25 	 0
C10orf26 	 35
C10orf27 	 0
C10orf28 	 0
C10orf32 	 0
C10orf32-AS3MT 	 0
C10orf35 	 0
C10orf40 	 0
C10orf46 	 0
C10orf47 	 0
C10orf53 	 0
C10orf54 	 0
C10orf55 	 0
C10orf58 	 11
C10orf62 	 0
C10orf67 	 0
C10orf68 	 0
C10orf71 	 0
C10orf76 	 0
C10orf81 	 0
C10orf82 	 0
C10orf88 	 0
C10orf90 	 0
C10orf91 	 0
C10orf95 	 0
C10orf96 	 0
C10orf99 	 0
C11orf1 	 0
C11orf10 	 0
C11orf16 	 0
C11orf2 	 0
C11orf20 	 0
C11orf21 	 0
C11orf24 	 0
C11orf30 	 0
C11orf31 	 0
C11orf34 	 0
C11orf35 	 0
C11orf36 	 0
C11orf40 	 0
C11orf41 	 0
C11orf42 	 0
C11orf45 	 0
C11orf46 	 0
C11orf48 	 0
C11orf49 	 0
C11orf51 	 100
C11orf53 	 0
C11orf54 	 0
C11orf57 	 0
C11orf58 	 443
C11orf61 	 0
C11orf63 	 0
C11orf65 	 0
C11orf67 	 0
C11orf68 	 0
C11orf70 	 0
C11orf71 	 0
C11orf73 	 0
C11orf74 	 0
C11orf75 	 0
C11orf80 	 0
C11orf82 	 0
C11orf83 	 0
C11orf84 	 0
C11orf85 	 0
C11orf86 	 0
C11orf87 	 0
C11orf88 	 0
C11orf9 	 0
C11orf91 	 0
C11orf92 	 0
C11orf93 	 0
C11orf94 	 0
C11orf95 	 0
C11orf96 	 0
C12orf10 	 0
C12orf12 	 0
C12orf23 	 0
C12orf26 	 0
C12orf29 	 0
C12orf32 	 0
C12orf33 	 0
C12orf34 	 0
C12orf35 	 0
C12orf36 	 0
C12orf37 	 0
C12orf39 	 0
C12orf4 	 0
C12orf40 	 0
C12orf42 	 0
C12orf43 	 0
C12orf44 	 0
C12orf45 	 0
C12orf47 	 0
C12orf49 	 0
C12orf5 	 0
C12orf50 	 0
C12orf51 	 21
C12orf52 	 0
C12orf53 	 0
C12orf54 	 0
C12orf56 	 0
C12orf57 	 79
C12orf59 	 0
C12orf60 	 0
C12orf61 	 0
C12orf65 	 0
C12orf66 	 0
C12orf68 	 0
C12orf69 	 0
C12orf70 	 0
C12orf71 	 0
C12orf73 	 0
C12orf74 	 0
C12orf75 	 0
C12orf76 	 0
C12orf77 	 0
C13orf15 	 0
C13orf33 	 0
C13orf35 	 0
C14orf1 	 0
C14orf101 	 0
C14orf102 	 0
C14orf105 	 0
C14orf109 	 0
C14orf118 	 0
C14orf119 	 0
C14orf126 	 0
C14orf129 	 0
C14orf132 	 0
C14orf133 	 0
C14orf135 	 0
C14orf142 	 0
C14orf149 	 0
C14orf159 	 0
C14orf162 	 0
C14orf165 	 0
C14orf166 	 1
C14orf166B 	 0
C14orf167 	 0
C14orf169 	 0
C14orf176 	 0
C14orf177 	 0
C14orf178 	 0
C14orf180 	 0
C14orf182 	 0
C14orf183 	 0
C14orf2 	 12
C14orf21 	 0
C14orf23 	 0
C14orf28 	 0
C14orf37 	 11
C14orf38 	 0
C14orf39 	 0
C14orf43 	 0
C14orf45 	 0
C14orf49 	 0
C14orf55 	 0
C14orf64 	 0
C14orf79 	 0
C14orf80 	 0
C14orf93 	 0
C15orf17 	 39
C15orf2 	 0
C15orf23 	 0
C15orf24 	 0
C15orf26 	 0
C15orf27 	 0
C15orf29 	 0
C15orf32 	 0
C15orf33 	 0
C15orf34 	 0
C15orf37 	 0
C15orf38 	 0
C15orf38-AP3S2 	 0
C15orf39 	 0
C15orf40 	 0
C15orf41 	 0
C15orf42 	 0
C15orf43 	 0
C15orf44 	 0
C15orf48 	 0
C15orf5 	 0
C15orf52 	 0
C15orf53 	 0
C15orf54 	 0
C15orf55 	 0
C15orf56 	 0
C15orf57 	 0
C15orf58 	 0
C15orf59 	 0
C15orf60 	 0
C15orf61 	 0
C15orf62 	 0
C15orf63 	 0
C16orf11 	 0
C16orf13 	 0
C16orf3 	 0
C16orf42 	 0
C16orf45 	 9
C16orf46 	 0
C16orf48 	 0
C16orf5 	 0
C16orf52 	 0
C16orf53 	 23
C16orf54 	 0
C16orf55 	 0
C16orf57 	 0
C16orf58 	 0
C16orf59 	 0
C16orf62 	 2
C16orf7 	 0
C16orf70 	 0
C16orf71 	 0
C16orf72 	 0
C16orf73 	 0
C16orf74 	 0
C16orf78 	 0
C16orf79 	 0
C16orf80 	 37
C16orf82 	 0
C16orf86 	 0
C16orf87 	 0
C16orf88 	 0
C16orf89 	 0
C16orf90 	 0
C16orf91 	 0
C16orf92 	 0
C16orf93 	 0
C16orf95 	 0
C16orf96 	 0
C17orf100 	 0
C17orf101 	 0
C17orf102 	 0
C17orf103 	 0
C17orf104 	 0
C17orf105 	 0
C17orf107 	 0
C17orf108 	 0
C17orf109 	 0
C17orf110 	 0
C17orf28 	 0
C17orf39 	 0
C17orf47 	 0
C17orf48 	 0
C17orf49 	 0
C17orf50 	 0
C17orf51 	 0
C17orf53 	 0
C17orf56 	 0
C17orf57 	 0
C17orf58 	 0
C17orf59 	 0
C17orf61 	 0
C17orf61-PLSCR3 	 0
C17orf62 	 0
C17orf63 	 0
C17orf64 	 0
C17orf65 	 0
C17orf66 	 0
C17orf67 	 0
C17orf69 	 0
C17orf70 	 0
C17orf72 	 0
C17orf74 	 0
C17orf75 	 0
C17orf76-AS1 	 3
C17orf77 	 0
C17orf78 	 0
C17orf79 	 0
C17orf80 	 0
C17orf81 	 548
C17orf82 	 0
C17orf85 	 0
C17orf89 	 0
C17orf90 	 0
C17orf96 	 0
C17orf97 	 0
C17orf98 	 0
C17orf99 	 0
C18orf1 	 300
C18orf21 	 0
C18orf25 	 0
C18orf26 	 0
C18orf32 	 0
C18orf34 	 0
C18orf42 	 0
C18orf54 	 0
C18orf56 	 0
C18orf62 	 0
C18orf63 	 0
C18orf8 	 0
C19orf10 	 0
C19orf12 	 0
C19orf18 	 0
C19orf21 	 0
C19orf24 	 0
C19orf25 	 0
C19orf26 	 0
C19orf29 	 0
C19orf29-AS1 	 0
C19orf35 	 0
C19orf38 	 0
C19orf40 	 0
C19orf42 	 0
C19orf43 	 0
C19orf44 	 0
C19orf45 	 0
C19orf46 	 0
C19orf47 	 0
C19orf48 	 0
C19orf51 	 0
C19orf52 	 0
C19orf53 	 0
C19orf54 	 0
C19orf55 	 0
C19orf57 	 0
C19orf59 	 0
C19orf6 	 0
C19orf60 	 0
C19orf63 	 0
C19orf66 	 0
C19orf69 	 0
C19orf70 	 0
C19orf71 	 0
C19orf73 	 0
C19orf75 	 0
C19orf76 	 0
C19orf77 	 0
C19orf79 	 0
C19orf80 	 0
C19orf81 	 0
C1D 	 0
C1GALT1 	 0
C1GALT1C1 	 0
C1QA 	 0
C1QB 	 0
C1QBP 	 0
C1QC 	 0
C1QL1 	 0
C1QL2 	 0
C1QL3 	 0
C1QL4 	 0
C1QTNF1 	 0
C1QTNF2 	 0
C1QTNF3 	 0
C1QTNF3-AMACR 	 0
C1QTNF4 	 0
C1QTNF6 	 0
C1QTNF7 	 0
C1QTNF8 	 0
C1QTNF9 	 0
C1QTNF9B 	 0
C1QTNF9B-AS1 	 0
C1R 	 0
C1RL 	 0
C1S 	 0
C1orf100 	 0
C1orf101 	 0
C1orf105 	 0
C1orf106 	 0
C1orf109 	 0
C1orf110 	 0
C1orf111 	 0
C1orf112 	 0
C1orf114 	 0
C1orf115 	 1
C1orf116 	 0
C1orf122 	 0
C1orf123 	 0
C1orf124 	 0
C1orf126 	 0
C1orf127 	 0
C1orf129 	 0
C1orf130 	 0
C1orf131 	 0
C1orf133 	 0
C1orf135 	 0
C1orf140 	 0
C1orf141 	 0
C1orf144 	 0
C1orf146 	 0
C1orf150 	 0
C1orf151-NBL1 	 0
C1orf158 	 0
C1orf159 	 0
C1orf162 	 0
C1orf168 	 0
C1orf170 	 0
C1orf172 	 0
C1orf173 	 0
C1orf174 	 0
C1orf177 	 0
C1orf180 	 0
C1orf182 	 0
C1orf185 	 0
C1orf186 	 0
C1orf187 	 0
C1orf189 	 0
C1orf192 	 0
C1orf194 	 0
C1orf198 	 0
C1orf200 	 0
C1orf201 	 0
C1orf204 	 0
C1orf21 	 0
C1orf210 	 0
C1orf212 	 0
C1orf213 	 0
C1orf216 	 0
C1orf220 	 0
C1orf226 	 0
C1orf227 	 0
C1orf228 	 0
C1orf229 	 0
C1orf233 	 0
C1orf27 	 0
C1orf31 	 0
C1orf35 	 4
C1orf38 	 0
C1orf43 	 0
C1orf49 	 0
C1orf50 	 0
C1orf51 	 0
C1orf52 	 3
C1orf53 	 0
C1orf54 	 0
C1orf55 	 0
C1orf56 	 0
C1orf61 	 5
C1orf63 	 0
C1orf64 	 0
C1orf65 	 0
C1orf68 	 0
C1orf74 	 0
C1orf85 	 0
C1orf86 	 0
C1orf87 	 0
C1orf88 	 0
C1orf9 	 0
C1orf94 	 0
C1orf95 	 0
C1orf96 	 0
C1orf98 	 0
C2 	 0
C20orf11 	 0
C20orf111 	 0
C20orf112 	 587
C20orf118 	 0
C20orf123 	 0
C20orf132 	 0
C20orf141 	 0
C20orf144 	 0
C20orf151 	 0
C20orf152 	 0
C20orf160 	 0
C20orf166-AS1 	 0
C20orf173 	 0
C20orf194 	 0
C20orf195 	 0
C20orf196 	 0
C20orf197 	 0
C20orf20 	 0
C20orf201 	 0
C20orf202 	 0
C20orf203 	 0
C20orf24 	 0
C20orf26 	 0
C20orf27 	 0
C20orf29 	 0
C20orf3 	 0
C20orf30 	 0
C20orf4 	 0
C20orf43 	 50
C20orf54 	 0
C20orf7 	 0
C20orf72 	 0
C20orf79 	 0
C20orf85 	 0
C20orf94 	 0
C20orf96 	 0
C21orf119 	 0
C21orf128 	 0
C21orf15 	 0
C21orf2 	 0
C21orf33 	 9
C21orf37 	 0
C21orf49 	 0
C21orf54 	 0
C21orf56 	 0
C21orf58 	 0
C21orf59 	 0
C21orf62 	 0
C21orf63 	 0
C21orf67 	 0
C21orf7 	 0
C21orf88 	 0
C21orf90 	 0
C21orf91 	 0
C21orf91-OT1 	 0
C22orf13 	 0
C22orf15 	 0
C22orf23 	 0
C22orf24 	 0
C22orf25 	 0
C22orf26 	 0
C22orf28 	 0
C22orf29 	 0
C22orf31 	 0
C22orf32 	 0
C22orf34 	 0
C22orf39 	 0
C22orf40 	 0
C22orf42 	 0
C22orf43 	 0
C22orf45 	 0
C22orf46 	 0
C2CD2 	 0
C2CD2L 	 0
C2CD3 	 0
C2CD4A 	 0
C2CD4B 	 0
C2CD4C 	 0
C2CD4D 	 0
C2orf15 	 0
C2orf16 	 0
C2orf18 	 0
C2orf27A 	 0
C2orf28 	 0
C2orf29 	 0
C2orf40 	 0
C2orf42 	 0
C2orf43 	 0
C2orf44 	 0
C2orf47 	 0
C2orf48 	 0
C2orf49 	 0
C2orf50 	 0
C2orf51 	 0
C2orf53 	 0
C2orf54 	 0
C2orf55 	 0
C2orf56 	 2
C2orf57 	 0
C2orf61 	 0
C2orf62 	 0
C2orf63 	 0
C2orf65 	 0
C2orf66 	 0
C2orf68 	 0
C2orf69 	 0
C2orf70 	 0
C2orf71 	 0
C2orf72 	 0
C2orf73 	 0
C2orf74 	 0
C2orf76 	 0
C2orf77 	 0
C2orf78 	 0
C2orf80 	 0
C2orf81 	 0
C2orf82 	 0
C2orf83 	 0
C2orf84 	 0
C2orf88 	 0
C2orf89 	 0
C2orf91 	 0
C3 	 0
C3AR1 	 0
C3P1 	 0
C3orf14 	 39
C3orf15 	 0
C3orf17 	 11
C3orf18 	 0
C3orf19 	 0
C3orf20 	 0
C3orf22 	 0
C3orf23 	 0
C3orf24 	 0
C3orf25 	 0
C3orf26 	 0
C3orf27 	 0
C3orf30 	 0
C3orf32 	 0
C3orf33 	 0
C3orf35 	 0
C3orf36 	 0
C3orf37 	 0
C3orf38 	 0
C3orf39 	 0
C3orf43 	 0
C3orf45 	 0
C3orf49 	 0
C3orf51 	 0
C3orf52 	 0
C3orf55 	 0
C3orf58 	 0
C3orf62 	 0
C3orf64 	 0
C3orf65 	 0
C3orf67 	 0
C3orf70 	 59
C3orf71 	 0
C3orf72 	 0
C3orf74 	 0
C3orf75 	 0
C3orf77 	 0
C3orf78 	 0
C3orf79 	 0
C3orf80 	 0
C4BPA 	 0
C4BPB 	 0
C4orf17 	 0
C4orf19 	 0
C4orf21 	 0
C4orf22 	 0
C4orf26 	 0
C4orf27 	 36
C4orf29 	 0
C4orf3 	 295
C4orf32 	 0
C4orf33 	 0
C4orf34 	 0
C4orf36 	 0
C4orf37 	 0
C4orf38 	 0
C4orf39 	 0
C4orf40 	 0
C4orf42 	 0
C4orf43 	 0
C4orf44 	 0
C4orf45 	 0
C4orf46 	 0
C4orf47 	 0
C4orf48 	 0
C4orf49 	 0
C4orf51 	 0
C4orf52 	 0
C4orf6 	 0
C5 	 0
C5AR1 	 0
C5orf15 	 0
C5orf20 	 0
C5orf22 	 0
C5orf24 	 0
C5orf25 	 0
C5orf27 	 0
C5orf28 	 0
C5orf30 	 0
C5orf34 	 0
C5orf38 	 0
C5orf39 	 0
C5orf4 	 16
C5orf41 	 0
C5orf42 	 0
C5orf43 	 310
C5orf44 	 0
C5orf45 	 0
C5orf46 	 0
C5orf47 	 0
C5orf48 	 0
C5orf49 	 0
C5orf51 	 0
C5orf52 	 0
C5orf54 	 0
C5orf55 	 0
C5orf56 	 0
C5orf58 	 0
C5orf60 	 0
C5orf62 	 0
C5orf63 	 0
C5orf64 	 0
C5orf65 	 0
C6 	 0
C6orf1 	 0
C6orf10 	 0
C6orf106 	 0
C6orf108 	 0
C6orf115 	 18
C6orf118 	 0
C6orf120 	 0
C6orf123 	 0
C6orf130 	 0
C6orf132 	 0
C6orf136 	 0
C6orf141 	 0
C6orf147 	 0
C6orf162 	 0
C6orf163 	 0
C6orf164 	 0
C6orf165 	 0
C6orf170 	 0
C6orf174 	 14
C6orf192 	 0
C6orf195 	 0
C6orf201 	 0
C6orf203 	 0
C6orf211 	 0
C6orf221 	 0
C6orf222 	 0
C6orf223 	 0
C6orf225 	 0
C6orf226 	 0
C6orf228 	 0
C6orf25 	 0
C6orf48 	 0
C6orf52 	 0
C6orf57 	 0
C6orf58 	 0
C6orf62 	 802
C6orf7 	 0
C6orf70 	 0
C6orf72 	 0
C6orf89 	 0
C6orf97 	 0
C6orf99 	 0
C7 	 0
C7orf10 	 0
C7orf11 	 16
C7orf13 	 0
C7orf23 	 0
C7orf25 	 0
C7orf26 	 0
C7orf29 	 0
C7orf31 	 0
C7orf33 	 0
C7orf41 	 38
C7orf42 	 0
C7orf43 	 0
C7orf44 	 0
C7orf45 	 0
C7orf46 	 4
C7orf49 	 0
C7orf50 	 0
C7orf53 	 0
C7orf55 	 0
C7orf57 	 0
C7orf58 	 0
C7orf59 	 0
C7orf60 	 0
C7orf61 	 0
C7orf62 	 0
C7orf63 	 0
C7orf65 	 0
C7orf66 	 0
C7orf69 	 0
C7orf70 	 116
C7orf71 	 0
C7orf72 	 0
C7orf73 	 746
C8A 	 0
C8B 	 0
C8G 	 0
C8ORFK29 	 0
C8orf12 	 0
C8orf22 	 0
C8orf31 	 0
C8orf33 	 0
C8orf34 	 0
C8orf37 	 0
C8orf38 	 0
C8orf39 	 0
C8orf4 	 0
C8orf40 	 2
C8orf42 	 0
C8orf44 	 0
C8orf44-SGK3 	 0
C8orf45 	 0
C8orf46 	 0
C8orf47 	 0
C8orf48 	 0
C8orf51 	 0
C8orf55 	 0
C8orf56 	 0
C8orf58 	 0
C8orf59 	 0
C8orf69 	 0
C8orf71 	 0
C8orf73 	 0
C8orf74 	 0
C8orf75 	 0
C8orf76 	 0
C8orf77 	 0
C8orf80 	 0
C8orf82 	 0
C8orf83 	 0
C8orf84 	 0
C8orf85 	 0
C8orf86 	 0
C8orf87 	 0
C9 	 0
C9orf100 	 0
C9orf102 	 0
C9orf103 	 0
C9orf106 	 0
C9orf11 	 0
C9orf114 	 0
C9orf116 	 0
C9orf117 	 0
C9orf123 	 0
C9orf125 	 0
C9orf128 	 0
C9orf129 	 0
C9orf131 	 0
C9orf135 	 0
C9orf139 	 0
C9orf142 	 0
C9orf146 	 0
C9orf152 	 0
C9orf153 	 0
C9orf156 	 581
C9orf16 	 7
C9orf163 	 0
C9orf167 	 0
C9orf169 	 0
C9orf170 	 0
C9orf171 	 0
C9orf172 	 0
C9orf173 	 0
C9orf174 	 0
C9orf21 	 0
C9orf23 	 0
C9orf24 	 0
C9orf25 	 0
C9orf29 	 0
C9orf3 	 0
C9orf30 	 0
C9orf30-TMEFF1 	 0
C9orf37 	 0
C9orf4 	 0
C9orf40 	 0
C9orf41 	 0
C9orf43 	 0
C9orf46 	 6
C9orf47 	 0
C9orf5 	 0
C9orf50 	 0
C9orf53 	 0
C9orf57 	 0
C9orf64 	 0
C9orf66 	 0
C9orf68 	 0
C9orf69 	 0
C9orf7 	 0
C9orf71 	 0
C9orf72 	 0
C9orf78 	 0
C9orf79 	 0
C9orf80 	 0
C9orf82 	 0
C9orf84 	 0
C9orf85 	 0
C9orf86 	 5
C9orf89 	 0
C9orf9 	 0
C9orf91 	 0
C9orf93 	 0
C9orf95 	 0
C9orf96 	 0
CA1 	 0
CA10 	 0
CA11 	 0
CA12 	 0
CA13 	 0
CA14 	 0
CA2 	 0
CA3 	 0
CA4 	 0
CA5A 	 0
CA5B 	 127
CA5BP1 	 0
CA6 	 0
CA7 	 0
CA8 	 0
CA9 	 0
CAB39 	 0
CAB39L 	 0
CABIN1 	 0
CABLES1 	 0
CABLES2 	 0
CABP1 	 0
CABP2 	 0
CABP4 	 0
CABP5 	 0
CABP7 	 0
CABS1 	 0
CABYR 	 0
CACHD1 	 0
CACNA1A 	 0
CACNA1B 	 7
CACNA1C 	 0
CACNA1D 	 0
CACNA1E 	 0
CACNA1F 	 0
CACNA1G 	 0
CACNA1H 	 0
CACNA1I 	 0
CACNA1S 	 0
CACNA2D1 	 0
CACNA2D2 	 0
CACNA2D3 	 0
CACNA2D4 	 0
CACNB1 	 0
CACNB2 	 0
CACNB3 	 0
CACNB4 	 0
CACNG1 	 0
CACNG2 	 0
CACNG3 	 0
CACNG4 	 0
CACNG5 	 0
CACNG6 	 0
CACNG7 	 0
CACNG8 	 0
CACYBP 	 0
CAD 	 0
CADM1 	 14
CADM2 	 192
CADM3 	 63
CADM4 	 0
CADPS 	 2
CADPS2 	 0
CAGE1 	 0
CAHM 	 0
CALB1 	 0
CALB2 	 0
CALCA 	 0
CALCB 	 0
CALCOCO1 	 0
CALCOCO2 	 0
CALCR 	 0
CALCRL 	 0
CALD1 	 0
CALHM1 	 0
CALHM2 	 0
CALHM3 	 0
CALM1 	 1202
CALM2 	 486
CALM3 	 1
CALML3 	 0
CALML4 	 0
CALML5 	 0
CALML6 	 0
CALN1 	 0
CALR 	 4
CALR3 	 0
CALU 	 0
CALY 	 0
CAMK1 	 0
CAMK1D 	 0
CAMK1G 	 0
CAMK2A 	 0
CAMK2B 	 0
CAMK2D 	 0
CAMK2G 	 0
CAMK2N1 	 63
CAMK2N2 	 0
CAMK4 	 0
CAMKK1 	 0
CAMKK2 	 0
CAMKMT 	 0
CAMKV 	 600
CAMLG 	 0
CAMP 	 0
CAMSAP1 	 24
CAMSAP2 	 0
CAMSAP3 	 105
CAMTA1 	 57
CAMTA2 	 0
CAND1 	 0
CAND2 	 0
CANT1 	 0
CANX 	 7
CAP1 	 0
CAP2 	 17
CAPG 	 0
CAPN1 	 0
CAPN10 	 0
CAPN11 	 0
CAPN12 	 0
CAPN13 	 0
CAPN14 	 0
CAPN2 	 0
CAPN3 	 0
CAPN5 	 0
CAPN6 	 0
CAPN7 	 0
CAPN8 	 0
CAPN9 	 0
CAPNS1 	 32
CAPNS2 	 0
CAPRIN1 	 210
CAPRIN2 	 0
CAPS 	 0
CAPS2 	 0
CAPSL 	 0
CAPZA1 	 1
CAPZA2 	 5
CAPZA3 	 0
CAPZB 	 0
CARD10 	 0
CARD11 	 0
CARD14 	 0
CARD16 	 0
CARD17 	 0
CARD18 	 0
CARD6 	 0
CARD8 	 0
CARD9 	 0
CARHSP1 	 0
CARKD 	 0
CARM1 	 0
CARNS1 	 0
CARS 	 0
CARS2 	 0
CARTPT 	 0
CASC1 	 0
CASC2 	 0
CASC3 	 2
CASC4 	 0
CASC5 	 0
CASD1 	 0
CASK 	 0
CASKIN1 	 0
CASKIN2 	 0
CASP1 	 0
CASP10 	 0
CASP12 	 0
CASP14 	 0
CASP2 	 0
CASP3 	 0
CASP4 	 0
CASP5 	 0
CASP6 	 0
CASP7 	 0
CASP8 	 0
CASP8AP2 	 0
CASP9 	 0
CASQ1 	 0
CASQ2 	 0
CASR 	 0
CASS4 	 0
CAST 	 0
CASZ1 	 0
CAT 	 0
CATSPER1 	 0
CATSPER2 	 159
CATSPER2P1 	 0
CATSPER3 	 0
CATSPER4 	 0
CATSPERB 	 0
CATSPERD 	 0
CATSPERG 	 17
CAV1 	 0
CAV2 	 0
CAV3 	 0
CBFA2T2 	 0
CBFA2T3 	 0
CBFB 	 0
CBL 	 0
CBLB 	 101
CBLC 	 0
CBLL1 	 0
CBLN1 	 0
CBLN2 	 0
CBLN3 	 0
CBLN4 	 0
CBR1 	 0
CBR3 	 0
CBR3-AS1 	 0
CBR4 	 0
CBS 	 0
CBWD1 	 0
CBWD2 	 0
CBWD3 	 13
CBWD6 	 1
CBX1 	 8
CBX2 	 0
CBX3 	 6
CBX3P2 	 0
CBX4 	 0
CBX5 	 0
CBX6 	 0
CBX7 	 0
CBX8 	 0
CBY1 	 0
CBY3 	 0
CC2D1A 	 0
CC2D1B 	 0
CC2D2A 	 0
CC2D2B 	 0
CCAR1 	 15
CCBE1 	 0
CCBL1 	 0
CCBL2 	 0
CCBP2 	 0
CCDC101 	 0
CCDC102A 	 0
CCDC102B 	 0
CCDC103 	 0
CCDC104 	 0
CCDC105 	 0
CCDC106 	 0
CCDC107 	 0
CCDC108 	 0
CCDC109B 	 0
CCDC11 	 0
CCDC110 	 0
CCDC111 	 0
CCDC112 	 10
CCDC113 	 3
CCDC114 	 0
CCDC115 	 0
CCDC116 	 0
CCDC117 	 0
CCDC12 	 0
CCDC120 	 0
CCDC121 	 0
CCDC122 	 0
CCDC124 	 0
CCDC125 	 0
CCDC126 	 0
CCDC127 	 0
CCDC129 	 0
CCDC13 	 0
CCDC130 	 0
CCDC132 	 0
CCDC134 	 0
CCDC135 	 0
CCDC136 	 0
CCDC137 	 0
CCDC138 	 0
CCDC14 	 0
CCDC140 	 0
CCDC141 	 0
CCDC142 	 0
CCDC144A 	 0
CCDC144B 	 0
CCDC144C 	 0
CCDC144NL 	 0
CCDC146 	 0
CCDC147 	 0
CCDC148 	 0
CCDC149 	 0
CCDC15 	 0
CCDC150 	 0
CCDC151 	 0
CCDC152 	 0
CCDC153 	 0
CCDC154 	 0
CCDC155 	 0
CCDC157 	 0
CCDC158 	 0
CCDC159 	 0
CCDC160 	 0
CCDC162P 	 0
CCDC163P 	 0
CCDC164 	 0
CCDC165 	 0
CCDC166 	 0
CCDC167 	 0
CCDC168 	 0
CCDC169 	 0
CCDC169-SOHLH2 	 0
CCDC17 	 0
CCDC18 	 0
CCDC19 	 0
CCDC22 	 0
CCDC23 	 0
CCDC24 	 0
CCDC25 	 0
CCDC27 	 0
CCDC28A 	 29
CCDC28B 	 102
CCDC3 	 0
CCDC30 	 0
CCDC33 	 0
CCDC34 	 0
CCDC36 	 0
CCDC37 	 0
CCDC38 	 0
CCDC39 	 0
CCDC40 	 0
CCDC41 	 0
CCDC42 	 0
CCDC42B 	 0
CCDC43 	 0
CCDC47 	 0
CCDC48 	 0
CCDC50 	 0
CCDC51 	 0
CCDC53 	 6
CCDC54 	 0
CCDC56 	 0
CCDC57 	 0
CCDC58 	 0
CCDC59 	 0
CCDC6 	 77
CCDC60 	 0
CCDC61 	 0
CCDC62 	 0
CCDC63 	 0
CCDC64 	 0
CCDC64B 	 0
CCDC65 	 0
CCDC66 	 1
CCDC67 	 0
CCDC68 	 0
CCDC69 	 0
CCDC7 	 0
CCDC70 	 0
CCDC71 	 0
CCDC71L 	 0
CCDC72 	 2
CCDC73 	 0
CCDC74A 	 0
CCDC74B 	 0
CCDC75 	 0
CCDC76 	 0
CCDC77 	 0
CCDC78 	 0
CCDC79 	 0
CCDC8 	 0
CCDC80 	 0
CCDC81 	 0
CCDC82 	 0
CCDC83 	 0
CCDC84 	 0
CCDC85A 	 0
CCDC85B 	 0
CCDC85C 	 0
CCDC86 	 0
CCDC87 	 0
CCDC88A 	 0
CCDC88B 	 0
CCDC88C 	 4
CCDC89 	 0
CCDC9 	 0
CCDC90A 	 0
CCDC90B 	 0
CCDC91 	 0
CCDC92 	 0
CCDC93 	 417
CCDC94 	 0
CCDC96 	 0
CCDC97 	 0
CCDC99 	 0
CCHCR1 	 0
CCIN 	 0
CCK 	 0
CCKAR 	 0
CCKBR 	 0
CCL1 	 0
CCL11 	 0
CCL13 	 0
CCL14 	 0
CCL15 	 0
CCL16 	 0
CCL17 	 0
CCL18 	 0
CCL19 	 0
CCL2 	 0
CCL20 	 0
CCL21 	 0
CCL22 	 0
CCL23 	 0
CCL24 	 0
CCL25 	 0
CCL26 	 0
CCL27 	 0
CCL28 	 0
CCL3 	 0
CCL3L1 	 0
CCL4 	 0
CCL5 	 0
CCL7 	 0
CCL8 	 0
CCM2 	 0
CCNA1 	 0
CCNA2 	 0
CCNB1 	 0
CCNB1IP1 	 0
CCNB2 	 0
CCNB3 	 0
CCNC 	 0
CCND1 	 0
CCND2 	 37
CCND3 	 0
CCNDBP1 	 42
CCNE1 	 0
CCNE2 	 0
CCNF 	 2
CCNG1 	 0
CCNG2 	 6
CCNH 	 0
CCNI 	 2
CCNI2 	 0
CCNJ 	 0
CCNJL 	 0
CCNK 	 0
CCNL1 	 0
CCNL2 	 25
CCNO 	 0
CCNT1 	 0
CCNT2 	 0
CCNY 	 0
CCNYL1 	 0
CCP110 	 0
CCPG1 	 3
CCR1 	 0
CCR10 	 0
CCR2 	 0
CCR3 	 0
CCR4 	 0
CCR5 	 0
CCR6 	 0
CCR7 	 0
CCR8 	 0
CCR9 	 0
CCRL1 	 0
CCRL2 	 0
CCRN4L 	 0
CCS 	 0
CCT2 	 392
CCT3 	 0
CCT4 	 38
CCT5 	 0
CCT6A 	 428
CCT6B 	 0
CCT6P1 	 0
CCT6P3 	 0
CCT7 	 0
CCT8 	 597
CCT8L2 	 0
CCZ1 	 0
CCZ1B 	 0
CD101 	 0
CD109 	 0
CD14 	 0
CD151 	 1
CD160 	 0
CD163 	 0
CD163L1 	 0
CD164 	 0
CD164L2 	 0
CD177 	 0
CD180 	 0
CD19 	 0
CD1A 	 0
CD1B 	 0
CD1C 	 0
CD1D 	 0
CD1E 	 0
CD2 	 0
CD200 	 0
CD200R1 	 0
CD200R1L 	 0
CD207 	 0
CD209 	 0
CD22 	 0
CD226 	 0
CD24 	 625
CD244 	 0
CD247 	 0
CD248 	 0
CD27 	 0
CD274 	 0
CD276 	 0
CD28 	 0
CD2AP 	 0
CD2BP2 	 0
CD300A 	 0
CD300C 	 0
CD300E 	 0
CD300LB 	 0
CD300LD 	 0
CD300LF 	 0
CD300LG 	 0
CD302 	 0
CD320 	 0
CD33 	 0
CD34 	 0
CD36 	 0
CD37 	 0
CD38 	 0
CD3D 	 0
CD3E 	 0
CD3EAP 	 0
CD3G 	 0
CD4 	 0
CD40 	 0
CD40LG 	 0
CD44 	 0
CD46 	 1
CD47 	 61
CD48 	 0
CD5 	 0
CD52 	 0
CD53 	 0
CD55 	 0
CD58 	 0
CD59 	 0
CD5L 	 0
CD6 	 0
CD63 	 32
CD68 	 0
CD69 	 0
CD7 	 0
CD70 	 0
CD72 	 0
CD74 	 0
CD79A 	 0
CD79B 	 0
CD80 	 0
CD81 	 0
CD82 	 0
CD83 	 0
CD84 	 0
CD86 	 0
CD8A 	 0
CD8B 	 0
CD9 	 0
CD93 	 0
CD96 	 0
CD97 	 0
CD99 	 0
CD99L2 	 0
CDA 	 0
CDADC1 	 0
CDAN1 	 0
CDC123 	 0
CDC14A 	 0
CDC14B 	 0
CDC14C 	 0
CDC16 	 0
CDC20 	 0
CDC20B 	 0
CDC23 	 0
CDC25A 	 0
CDC25B 	 0
CDC25C 	 0
CDC26 	 3
CDC27 	 0
CDC34 	 0
CDC37 	 0
CDC37L1 	 0
CDC40 	 0
CDC42 	 227
CDC42BPA 	 21
CDC42BPB 	 0
CDC42BPG 	 0
CDC42EP1 	 0
CDC42EP2 	 0
CDC42EP3 	 0
CDC42EP4 	 0
CDC42EP5 	 0
CDC42SE1 	 0
CDC42SE2 	 0
CDC45 	 0
CDC5L 	 0
CDC6 	 0
CDC7 	 0
CDC73 	 0
CDCA2 	 0
CDCA3 	 0
CDCA4 	 0
CDCA5 	 0
CDCA7 	 0
CDCA7L 	 0
CDCA8 	 0
CDCP1 	 0
CDCP2 	 0
CDH1 	 0
CDH10 	 0
CDH11 	 0
CDH12 	 0
CDH13 	 0
CDH15 	 0
CDH16 	 0
CDH17 	 0
CDH18 	 0
CDH19 	 0
CDH2 	 0
CDH20 	 0
CDH22 	 0
CDH23 	 0
CDH24 	 0
CDH26 	 0
CDH3 	 0
CDH4 	 0
CDH5 	 0
CDH6 	 0
CDH7 	 0
CDH8 	 0
CDH9 	 0
CDHR1 	 0
CDHR2 	 0
CDHR3 	 0
CDHR4 	 0
CDHR5 	 0
CDIPT 	 0
CDK1 	 0
CDK10 	 0
CDK11A 	 0
CDK11B 	 0
CDK12 	 0
CDK13 	 153
CDK14 	 0
CDK15 	 0
CDK16 	 0
CDK17 	 0
CDK18 	 0
CDK19 	 0
CDK2 	 0
CDK20 	 0
CDK2AP1 	 0
CDK2AP2 	 0
CDK4 	 0
CDK5 	 0
CDK5R1 	 226
CDK5R2 	 0
CDK5RAP1 	 0
CDK5RAP2 	 0
CDK5RAP3 	 0
CDK6 	 0
CDK7 	 0
CDK8 	 0
CDK9 	 0
CDKAL1 	 54
CDKL1 	 0
CDKL2 	 0
CDKL3 	 0
CDKL4 	 0
CDKL5 	 0
CDKN1A 	 0
CDKN1B 	 0
CDKN1C 	 0
CDKN2A 	 0
CDKN2AIP 	 0
CDKN2AIPNL 	 0
CDKN2B 	 0
CDKN2B-AS1 	 0
CDKN2C 	 0
CDKN2D 	 0
CDKN3 	 0
CDNF 	 0
CDO1 	 0
CDON 	 0
CDR1 	 48
CDR2 	 0
CDR2L 	 0
CDRT1 	 0
CDRT15 	 0
CDRT15P1 	 0
CDRT15P2 	 0
CDRT4 	 0
CDRT7 	 0
CDS1 	 0
CDS2 	 0
CDT1 	 0
CDV3 	 0
CDX1 	 0
CDX2 	 0
CDX4 	 0
CDYL 	 0
CDYL2 	 0
CEACAM1 	 0
CEACAM16 	 0
CEACAM18 	 0
CEACAM19 	 0
CEACAM20 	 0
CEACAM21 	 0
CEACAM22P 	 0
CEACAM3 	 0
CEACAM4 	 0
CEACAM5 	 0
CEACAM6 	 0
CEACAM7 	 0
CEACAM8 	 0
CEBPA 	 0
CEBPB 	 0
CEBPD 	 0
CEBPE 	 0
CEBPG 	 0
CEBPZ 	 0
CECR1 	 0
CECR2 	 0
CECR3 	 0
CECR5 	 0
CECR5-AS1 	 0
CECR6 	 0
CECR7 	 0
CEL 	 0
CELA1 	 0
CELA2A 	 0
CELA2B 	 0
CELA3A 	 0
CELA3B 	 0
CELF1 	 75
CELF2 	 256
CELF3 	 327
CELF4 	 0
CELF5 	 68
CELF6 	 0
CELP 	 0
CELSR1 	 0
CELSR2 	 0
CELSR3 	 0
CEMP1 	 0
CEND1 	 0
CENPA 	 0
CENPB 	 0
CENPBD1 	 0
CENPC1 	 0
CENPE 	 0
CENPF 	 0
CENPH 	 0
CENPI 	 0
CENPJ 	 0
CENPK 	 0
CENPL 	 0
CENPM 	 0
CENPN 	 0
CENPO 	 2
CENPP 	 0
CENPQ 	 0
CENPT 	 0
CENPV 	 7
CENPW 	 148
CEP104 	 0
CEP112 	 0
CEP120 	 0
CEP128 	 0
CEP135 	 0
CEP152 	 0
CEP164 	 0
CEP170 	 321
CEP170P1 	 0
CEP19 	 0
CEP192 	 0
CEP250 	 0
CEP290 	 0
CEP350 	 43
CEP41 	 0
CEP44 	 0
CEP55 	 0
CEP57 	 0
CEP57L1 	 0
CEP63 	 0
CEP68 	 0
CEP70 	 0
CEP72 	 0
CEP76 	 0
CEP78 	 0
CEP85 	 0
CEP85L 	 2
CEP89 	 0
CEP95 	 245
CEP97 	 0
CEPT1 	 3
CER1 	 0
CERCAM 	 0
CERK 	 58
CERKL 	 0
CERS1 	 0
CERS2 	 0
CERS3 	 0
CERS4 	 0
CERS5 	 0
CERS6 	 0
CES1 	 0
CES1P1 	 0
CES1P2 	 0
CES2 	 3
CES3 	 0
CES4A 	 0
CES5A 	 0
CES5AP1 	 0
CETN1 	 0
CETN2 	 0
CETN3 	 0
CETN4P 	 0
CETP 	 0
CFB 	 0
CFC1B 	 0
CFD 	 0
CFDP1 	 0
CFH 	 0
CFHR1 	 0
CFHR2 	 0
CFHR3 	 0
CFHR4 	 0
CFHR5 	 0
CFI 	 0
CFL1 	 48
CFL1P1 	 0
CFL2 	 0
CFLAR 	 0
CFLAR-AS1 	 0
CFP 	 0
CFTR 	 0
CG030 	 0
CGA 	 0
CGB 	 0
CGB1 	 0
CGB7 	 0
CGB8 	 0
CGGBP1 	 0
CGN 	 0
CGNL1 	 0
CGREF1 	 0
CGRRF1 	 0
CH25H 	 0
CHAC1 	 0
CHAC2 	 0
CHAD 	 0
CHADL 	 0
CHAF1A 	 1
CHAF1B 	 0
CHAMP1 	 0
CHAT 	 0
CHCHD1 	 0
CHCHD10 	 0
CHCHD2 	 0
CHCHD3 	 0
CHCHD4 	 0
CHCHD5 	 0
CHCHD6 	 0
CHCHD7 	 0
CHCHD8 	 0
CHD1 	 0
CHD1L 	 0
CHD2 	 38
CHD3 	 0
CHD4 	 17
CHD5 	 0
CHD6 	 0
CHD7 	 84
CHD8 	 0
CHD9 	 165
CHDH 	 0
CHEK1 	 0
CHEK2 	 0
CHEK2P2 	 0
CHERP 	 171
CHFR 	 0
CHGA 	 0
CHGB 	 0
CHI3L1 	 0
CHI3L2 	 0
CHIA 	 0
CHIC1 	 0
CHIC2 	 0
CHID1 	 0
CHIT1 	 0
CHKA 	 0
CHKB 	 0
CHL1 	 83
CHM 	 42
CHML 	 0
CHMP1A 	 0
CHMP1B 	 0
CHMP2A 	 0
CHMP2B 	 0
CHMP3 	 0
CHMP4A 	 0
CHMP4B 	 0
CHMP4C 	 0
CHMP5 	 15
CHMP6 	 0
CHMP7 	 0
CHN1 	 4
CHN2 	 0
CHODL 	 0
CHODL-AS1 	 0
CHORDC1 	 0
CHP 	 80
CHP2 	 0
CHPF 	 0
CHPF2 	 0
CHPT1 	 0
CHRAC1 	 0
CHRD 	 0
CHRDL1 	 0
CHRDL2 	 0
CHRFAM7A 	 0
CHRM1 	 0
CHRM2 	 0
CHRM3 	 0
CHRM4 	 0
CHRM5 	 0
CHRNA1 	 0
CHRNA10 	 0
CHRNA2 	 0
CHRNA3 	 0
CHRNA4 	 0
CHRNA5 	 0
CHRNA6 	 0
CHRNA7 	 0
CHRNA9 	 0
CHRNB1 	 0
CHRNB2 	 0
CHRNB3 	 0
CHRNB4 	 0
CHRND 	 0
CHRNE 	 0
CHRNG 	 0
CHST1 	 0
CHST10 	 0
CHST11 	 0
CHST12 	 0
CHST13 	 0
CHST14 	 0
CHST15 	 0
CHST2 	 0
CHST3 	 0
CHST4 	 0
CHST5 	 0
CHST6 	 0
CHST7 	 0
CHST8 	 0
CHST9 	 0
CHST9-AS1 	 0
CHSY1 	 0
CHSY3 	 0
CHTF18 	 0
CHTF8 	 0
CHTOP 	 0
CHUK 	 0
CHURC1 	 0
CHURC1-FNTB 	 0
CIAO1 	 0
CIAPIN1 	 0
CIB1 	 0
CIB2 	 0
CIB3 	 0
CIB4 	 0
CIC 	 0
CIDEA 	 0
CIDEB 	 0
CIDEC 	 0
CIDECP 	 0
CIITA 	 0
CILP 	 0
CILP2 	 0
CINP 	 0
CIR1 	 0
CIRBP 	 0
CIRBP-AS1 	 0
CIRH1A 	 0
CISD1 	 0
CISD2 	 0
CISD3 	 0
CISH 	 0
CIT 	 0
CITED1 	 0
CITED2 	 0
CITED4 	 0
CIZ1 	 0
CKAP2 	 0
CKAP2L 	 0
CKAP4 	 0
CKAP5 	 0
CKB 	 262
CKLF 	 0
CKLF-CMTM1 	 0
CKM 	 0
CKMT1A 	 0
CKMT1B 	 0
CKMT2 	 0
CKS1B 	 0
CKS2 	 0
CLASP1 	 7
CLASP2 	 25
CLASRP 	 0
CLC 	 0
CLCA1 	 0
CLCA2 	 0
CLCA3P 	 0
CLCA4 	 0
CLCC1 	 0
CLCF1 	 0
CLCN1 	 0
CLCN2 	 0
CLCN3 	 0
CLCN4 	 0
CLCN5 	 0
CLCN6 	 249
CLCN7 	 0
CLCNKA 	 0
CLCNKB 	 0
CLDN1 	 0
CLDN10 	 0
CLDN11 	 0
CLDN12 	 0
CLDN14 	 0
CLDN15 	 0
CLDN16 	 0
CLDN17 	 0
CLDN18 	 0
CLDN19 	 0
CLDN2 	 0
CLDN20 	 0
CLDN23 	 0
CLDN24 	 0
CLDN25 	 0
CLDN3 	 0
CLDN4 	 0
CLDN5 	 0
CLDN6 	 0
CLDN7 	 0
CLDN8 	 0
CLDN9 	 0
CLDND1 	 21
CLDND2 	 0
CLEC10A 	 0
CLEC11A 	 0
CLEC12A 	 0
CLEC12B 	 0
CLEC14A 	 0
CLEC16A 	 0
CLEC17A 	 0
CLEC18A 	 0
CLEC18B 	 0
CLEC19A 	 0
CLEC1A 	 0
CLEC1B 	 0
CLEC2A 	 0
CLEC2B 	 0
CLEC2D 	 4
CLEC2L 	 0
CLEC3A 	 0
CLEC3B 	 0
CLEC4A 	 0
CLEC4C 	 0
CLEC4D 	 0
CLEC4E 	 0
CLEC4F 	 0
CLEC4G 	 0
CLEC4GP1 	 0
CLEC4M 	 0
CLEC5A 	 0
CLEC6A 	 0
CLEC7A 	 0
CLEC9A 	 0
CLECL1 	 0
CLGN 	 0
CLIC1 	 0
CLIC2 	 0
CLIC3 	 0
CLIC4 	 0
CLIC5 	 0
CLIC6 	 0
CLINT1 	 416
CLIP1 	 0
CLIP2 	 0
CLIP3 	 0
CLIP4 	 0
CLK1 	 347
CLK2 	 0
CLK2P 	 0
CLK3 	 0
CLK4 	 0
CLLU1 	 0
CLLU1OS 	 0
CLMN 	 0
CLMP 	 0
CLN3 	 0
CLN5 	 0
CLN6 	 0
CLN8 	 0
CLNK 	 0
CLNS1A 	 16
CLOCK 	 99
CLP1 	 0
CLPB 	 0
CLPP 	 0
CLPS 	 0
CLPSL1 	 0
CLPTM1 	 0
CLPTM1L 	 0
CLPX 	 0
CLRN1 	 0
CLRN1-AS1 	 0
CLRN2 	 0
CLRN3 	 0
CLSPN 	 1
CLSTN1 	 0
CLSTN2 	 0
CLSTN3 	 0
CLTA 	 0
CLTB 	 0
CLTC 	 0
CLTCL1 	 1
CLU 	 0
CLUAP1 	 0
CLUL1 	 0
CLVS1 	 0
CLVS2 	 0
CLYBL 	 0
CMA1 	 0
CMAHP 	 0
CMAS 	 0
CMBL 	 0
CMC1 	 0
CMC2 	 0
CMIP 	 1
CMKLR1 	 0
CMPK1 	 0
CMPK2 	 0
CMTM1 	 0
CMTM2 	 0
CMTM3 	 0
CMTM4 	 0
CMTM5 	 0
CMTM6 	 0
CMTM7 	 0
CMTM8 	 0
CMYA5 	 0
CN5H6.4 	 0
CNBD1 	 0
CNBP 	 6
CNDP1 	 0
CNDP2 	 0
CNEP1R1 	 0
CNFN 	 0
CNGA1 	 0
CNGA2 	 0
CNGA3 	 0
CNGA4 	 0
CNGB1 	 0
CNGB3 	 0
CNIH 	 0
CNIH2 	 0
CNIH3 	 0
CNIH4 	 0
CNKSR1 	 0
CNKSR2 	 0
CNKSR3 	 0
CNN1 	 0
CNN2 	 0
CNN3 	 0
CNNM1 	 0
CNNM2 	 0
CNNM3 	 0
CNNM4 	 0
CNO 	 0
CNOT1 	 0
CNOT10 	 0
CNOT2 	 19
CNOT3 	 0
CNOT4 	 0
CNOT6 	 0
CNOT6L 	 127
CNOT7 	 20
CNOT8 	 0
CNP 	 0
CNPPD1 	 0
CNPY1 	 0
CNPY2 	 0
CNPY3 	 0
CNPY4 	 436
CNR1 	 0
CNR2 	 0
CNRIP1 	 1
CNST 	 0
CNTD1 	 0
CNTD2 	 0
CNTF 	 0
CNTFR 	 0
CNTLN 	 0
CNTN1 	 0
CNTN2 	 0
CNTN3 	 0
CNTN4 	 0
CNTN5 	 0
CNTN6 	 0
CNTNAP1 	 0
CNTNAP2 	 0
CNTNAP3 	 0
CNTNAP3B 	 0
CNTNAP4 	 0
CNTNAP5 	 0
CNTRL 	 0
CNTROB 	 0
COA5 	 0
COASY 	 0
COBL 	 0
COBLL1 	 0
COBRA1 	 0
COCH 	 0
COG1 	 0
COG2 	 0
COG3 	 0
COG4 	 0
COG5 	 0
COG6 	 0
COG7 	 0
COG8 	 0
COIL 	 0
COL10A1 	 0
COL11A1 	 0
COL11A2 	 0
COL12A1 	 0
COL13A1 	 0
COL14A1 	 0
COL15A1 	 0
COL16A1 	 0
COL17A1 	 0
COL18A1 	 0
COL18A1-AS1 	 0
COL19A1 	 0
COL1A1 	 0
COL1A2 	 0
COL20A1 	 0
COL21A1 	 0
COL22A1 	 0
COL23A1 	 0
COL24A1 	 0
COL25A1 	 0
COL27A1 	 0
COL28A1 	 0
COL2A1 	 0
COL3A1 	 0
COL4A1 	 0
COL4A2 	 0
COL4A3 	 0
COL4A3BP 	 2
COL4A4 	 0
COL4A5 	 0
COL4A6 	 0
COL5A1 	 0
COL5A2 	 0
COL5A3 	 0
COL6A1 	 0
COL6A2 	 0
COL6A3 	 0
COL6A4P1 	 0
COL6A4P2 	 0
COL6A5 	 0
COL6A6 	 0
COL7A1 	 0
COL8A1 	 0
COL8A2 	 0
COL9A1 	 0
COL9A2 	 0
COL9A3 	 0
COLEC10 	 0
COLEC11 	 0
COLEC12 	 0
COLQ 	 4
COMMD1 	 0
COMMD10 	 0
COMMD2 	 0
COMMD3 	 0
COMMD3-BMI1 	 0
COMMD4 	 0
COMMD5 	 0
COMMD6 	 0
COMMD7 	 0
COMMD8 	 0
COMMD9 	 0
COMP 	 0
COMT 	 0
COMTD1 	 0
COPA 	 0
COPB1 	 0
COPB2 	 0
COPE 	 0
COPG1 	 62
COPG2 	 0
COPS2 	 0
COPS3 	 41
COPS4 	 0
COPS5 	 0
COPS6 	 0
COPS7A 	 0
COPS7B 	 0
COPS8 	 0
COPZ1 	 0
COPZ2 	 0
COQ10A 	 0
COQ10B 	 0
COQ2 	 0
COQ3 	 0
COQ4 	 0
COQ5 	 0
COQ6 	 0
COQ7 	 0
COQ9 	 0
CORIN 	 0
CORO1A 	 0
CORO1B 	 0
CORO1C 	 7
CORO2A 	 0
CORO2B 	 91
CORO6 	 0
CORO7 	 0
CORO7-PAM16 	 0
CORT 	 0
COTL1 	 9
COX10 	 0
COX11 	 0
COX14 	 0
COX15 	 0
COX16 	 0
COX17 	 0
COX18 	 0
COX19 	 42
COX20 	 0
COX4I1 	 0
COX4I2 	 0
COX4NB 	 0
COX5A 	 0
COX5B 	 2
COX6A1 	 1
COX6A2 	 0
COX6B1 	 5
COX6B2 	 0
COX6C 	 0
COX7A1 	 0
COX7A2 	 110
COX7A2L 	 38
COX7B 	 187
COX7B2 	 0
COX7C 	 1
COX8A 	 9
COX8C 	 0
CP 	 0
CPA1 	 0
CPA2 	 0
CPA3 	 0
CPA4 	 0
CPA5 	 0
CPA6 	 0
CPAMD8 	 0
CPB1 	 0
CPB2 	 0
CPD 	 158
CPE 	 226
CPEB1 	 0
CPEB2 	 0
CPEB3 	 0
CPEB4 	 0
CPLX1 	 0
CPLX2 	 4
CPLX3 	 0
CPLX4 	 0
CPM 	 0
CPN1 	 0
CPN2 	 0
CPNE1 	 0
CPNE2 	 0
CPNE3 	 0
CPNE4 	 0
CPNE5 	 0
CPNE6 	 0
CPNE7 	 0
CPNE8 	 0
CPNE9 	 0
CPO 	 0
CPOX 	 0
CPPED1 	 0
CPQ 	 0
CPS1 	 0
CPS1-IT1 	 0
CPSF1 	 0
CPSF2 	 0
CPSF3 	 0
CPSF3L 	 0
CPSF4 	 0
CPSF4L 	 0
CPSF6 	 1
CPSF7 	 3
CPT1A 	 0
CPT1B 	 0
CPT1C 	 0
CPT2 	 0
CPVL 	 0
CPXCR1 	 0
CPXM1 	 0
CPXM2 	 0
CPZ 	 0
CR1 	 0
CR1L 	 0
CR2 	 0
CRABP1 	 0
CRABP2 	 0
CRADD 	 0
CRAMP1L 	 0
CRAT 	 0
CRB1 	 0
CRB2 	 0
CRB3 	 0
CRBN 	 0
CRCP 	 0
CRCT1 	 0
CREB1 	 0
CREB3 	 0
CREB3L1 	 0
CREB3L2 	 0
CREB3L3 	 0
CREB3L4 	 0
CREB5 	 0
CREBBP 	 14
CREBL2 	 0
CREBZF 	 0
CREG1 	 0
CREG2 	 0
CRELD1 	 0
CRELD2 	 0
CREM 	 0
CRH 	 0
CRHBP 	 0
CRHR1 	 0
CRHR2 	 0
CRIM1 	 0
CRIP1 	 0
CRIP2 	 47
CRIP3 	 0
CRIPAK 	 0
CRIPT 	 0
CRISP1 	 0
CRISP2 	 0
CRISP3 	 0
CRISPLD1 	 0
CRISPLD2 	 0
CRK 	 0
CRKL 	 0
CRLF1 	 0
CRLF3 	 4
CRLS1 	 1
CRMP1 	 145
CRNDE 	 0
CRNKL1 	 0
CRNN 	 0
CROCC 	 0
CROCCP2 	 0
CROCCP3 	 3
CROT 	 0
CRP 	 0
CRSP8P 	 0
CRTAC1 	 0
CRTAM 	 0
CRTAP 	 0
CRTC1 	 0
CRTC2 	 0
CRTC3 	 0
CRX 	 0
CRY1 	 0
CRY2 	 0
CRYAA 	 0
CRYAB 	 0
CRYBA1 	 0
CRYBA4 	 0
CRYBB1 	 0
CRYBB2 	 0
CRYBB2P1 	 0
CRYBB3 	 0
CRYGA 	 0
CRYGB 	 0
CRYGC 	 0
CRYGD 	 0
CRYGN 	 0
CRYGS 	 0
CRYL1 	 0
CRYM 	 0
CRYM-AS1 	 0
CRYZ 	 0
CRYZL1 	 5
CS 	 250
CSAD 	 0
CSAG1 	 0
CSDA 	 0
CSDAP1 	 0
CSDC2 	 0
CSDE1 	 5
CSE1L 	 2
CSF1 	 0
CSF1R 	 0
CSF2RA 	 0
CSF2RB 	 0
CSF3 	 0
CSF3R 	 0
CSGALNACT1 	 0
CSGALNACT2 	 0
CSH1 	 0
CSHL1 	 0
CSK 	 0
CSMD1 	 0
CSMD2 	 43
CSMD3 	 0
CSN1S1 	 0
CSN1S2AP 	 0
CSN1S2BP 	 0
CSN2 	 0
CSN3 	 0
CSNK1A1 	 319
CSNK1A1L 	 0
CSNK1A1P1 	 0
CSNK1D 	 0
CSNK1E 	 9
CSNK1G1 	 1
CSNK1G2 	 0
CSNK1G2-AS1 	 0
CSNK1G3 	 0
CSNK2A1 	 0
CSNK2A1P 	 0
CSNK2A2 	 0
CSNK2B 	 0
CSPG4 	 0
CSPG5 	 0
CSPP1 	 0
CSRNP1 	 0
CSRNP2 	 73
CSRNP3 	 0
CSRP1 	 0
CSRP2 	 884
CSRP2BP 	 0
CSRP3 	 0
CST1 	 0
CST11 	 0
CST2 	 0
CST3 	 0
CST4 	 0
CST5 	 0
CST6 	 0
CST7 	 0
CST8 	 0
CST9 	 0
CST9L 	 0
CSTA 	 0
CSTB 	 0
CSTF1 	 0
CSTF2 	 0
CSTF2T 	 0
CSTF3 	 0
CSTL1 	 0
CSTT 	 0
CT45A1 	 0
CT45A5 	 0
CT62 	 0
CTAG2 	 0
CTAGE1 	 0
CTAGE10P 	 0
CTAGE11P 	 0
CTAGE15P 	 0
CTAGE4 	 0
CTAGE5 	 0
CTAGE6P 	 0
CTAGE7P 	 0
CTAGE9 	 0
CTBP1 	 34
CTBP2 	 0
CTBS 	 0
CTC1 	 0
CTCF 	 0
CTCFL 	 0
CTDNEP1 	 29
CTDP1 	 0
CTDSP1 	 0
CTDSP2 	 0
CTDSPL 	 0
CTDSPL2 	 0
CTF1 	 0
CTGF 	 0
CTH 	 0
CTHRC1 	 0
CTIF 	 0
CTLA4 	 0
CTNNA1 	 0
CTNNA2 	 240
CTNNA3 	 0
CTNNAL1 	 0
CTNNB1 	 0
CTNNBIP1 	 0
CTNNBL1 	 0
CTNND1 	 0
CTNND2 	 0
CTNS 	 0
CTPS 	 0
CTPS2 	 0
CTR9 	 0
CTRB1 	 0
CTRB2 	 0
CTRC 	 0
CTRL 	 0
CTSA 	 0
CTSB 	 52
CTSC 	 0
CTSD 	 0
CTSE 	 0
CTSF 	 0
CTSG 	 0
CTSH 	 0
CTSK 	 0
CTSL1 	 0
CTSL1P2 	 0
CTSL1P8 	 0
CTSL2 	 0
CTSL3 	 0
CTSO 	 0
CTSS 	 0
CTSW 	 0
CTSZ 	 0
CTTN 	 72
CTTNBP2 	 127
CTTNBP2NL 	 24
CTU1 	 0
CTU2 	 0
CTXN1 	 0
CTXN2 	 0
CTXN3 	 0
CUBN 	 0
CUEDC1 	 0
CUEDC2 	 0
CUL1 	 0
CUL2 	 0
CUL3 	 8
CUL4A 	 0
CUL4B 	 1
CUL5 	 0
CUL7 	 0
CUL9 	 0
CUTC 	 0
CUX1 	 1
CUX2 	 0
CWC15 	 2
CWC22 	 0
CWC25 	 0
CWC27 	 194
CWF19L1 	 0
CWF19L2 	 0
CWH43 	 0
CX3CL1 	 0
CX3CR1 	 0
CXADR 	 552
CXADRP2 	 1
CXADRP3 	 0
CXCL1 	 0
CXCL10 	 0
CXCL11 	 0
CXCL12 	 0
CXCL13 	 0
CXCL14 	 0
CXCL16 	 0
CXCL17 	 0
CXCL2 	 0
CXCL3 	 0
CXCL5 	 0
CXCL6 	 0
CXCL9 	 0
CXCR1 	 0
CXCR2 	 0
CXCR2P1 	 0
CXCR3 	 0
CXCR4 	 0
CXCR5 	 0
CXCR6 	 0
CXCR7 	 0
CXXC1 	 0
CXXC11 	 0
CXXC1P1 	 0
CXXC4 	 0
CXXC5 	 0
CXorf1 	 0
CXorf21 	 0
CXorf22 	 0
CXorf23 	 0
CXorf26 	 0
CXorf27 	 0
CXorf28 	 0
CXorf30 	 0
CXorf31 	 0
CXorf36 	 0
CXorf38 	 0
CXorf40A 	 0
CXorf40B 	 0
CXorf41 	 0
CXorf48 	 0
CXorf56 	 0
CXorf57 	 0
CXorf58 	 0
CXorf59 	 0
CXorf61 	 0
CXorf64 	 0
CXorf65 	 0
CXorf66 	 0
CXorf68 	 0
CXorf69 	 0
CYB561 	 0
CYB561D1 	 0
CYB561D2 	 0
CYB5A 	 0
CYB5B 	 0
CYB5D1 	 0
CYB5D2 	 0
CYB5R1 	 0
CYB5R2 	 0
CYB5R3 	 0
CYB5R4 	 1
CYB5RL 	 0
CYBA 	 0
CYBASC3 	 0
CYBB 	 0
CYBRD1 	 0
CYC1 	 0
CYCS 	 0
CYCSP52 	 0
CYFIP1 	 0
CYFIP2 	 0
CYGB 	 0
CYHR1 	 0
CYLC1 	 0
CYLC2 	 0
CYLD 	 0
CYMP 	 0
CYP11A1 	 0
CYP11B1 	 0
CYP11B2 	 0
CYP17A1 	 0
CYP19A1 	 0
CYP1A1 	 0
CYP1A2 	 0
CYP1B1 	 0
CYP1B1-AS1 	 0
CYP20A1 	 31
CYP21A1P 	 0
CYP21A2 	 0
CYP24A1 	 0
CYP26A1 	 0
CYP26B1 	 0
CYP26C1 	 0
CYP27A1 	 0
CYP27B1 	 0
CYP27C1 	 0
CYP2A13 	 0
CYP2A6 	 0
CYP2A7 	 0
CYP2B6 	 0
CYP2B7P1 	 0
CYP2C18 	 0
CYP2C19 	 0
CYP2C8 	 0
CYP2C9 	 0
CYP2D6 	 0
CYP2D7P1 	 0
CYP2E1 	 0
CYP2F1 	 0
CYP2G1P 	 0
CYP2J2 	 0
CYP2R1 	 0
CYP2S1 	 0
CYP2U1 	 0
CYP2W1 	 0
CYP39A1 	 0
CYP3A4 	 0
CYP3A43 	 0
CYP3A5 	 0
CYP3A7 	 0
CYP3A7-CYP3AP1 	 0
CYP46A1 	 0
CYP4A11 	 0
CYP4A22 	 0
CYP4B1 	 0
CYP4F11 	 0
CYP4F12 	 0
CYP4F2 	 0
CYP4F22 	 0
CYP4F24P 	 0
CYP4F3 	 0
CYP4F35P 	 0
CYP4F8 	 0
CYP4V2 	 0
CYP4X1 	 0
CYP4Z1 	 0
CYP4Z2P 	 0
CYP51A1 	 608
CYP7A1 	 0
CYP7B1 	 0
CYP8B1 	 0
CYR61 	 0
CYS1 	 0
CYSLTR1 	 0
CYSLTR2 	 0
CYSTM1 	 0
CYTH1 	 0
CYTH2 	 0
CYTH3 	 0
CYTH4 	 0
CYTIP 	 0
CYTL1 	 0
CYYR1 	 0
D21S2088E 	 0
D2HGDH 	 0
D4S234E 	 5
DAAM1 	 0
DAAM2 	 0
DAB1 	 0
DAB2 	 0
DAB2IP 	 1
DACH1 	 0
DACH2 	 0
DACT1 	 0
DACT2 	 0
DACT3 	 0
DAD1 	 19
DAG1 	 0
DAGLA 	 0
DAGLB 	 0
DAK 	 0
DALRD3 	 0
DANCR 	 0
DAND5 	 0
DAO 	 0
DAOA 	 0
DAOA-AS1 	 0
DAP 	 0
DAP3 	 0
DAPK1 	 0
DAPK2 	 0
DAPK3 	 0
DAPL1 	 0
DAPP1 	 0
DARC 	 0
DARS 	 0
DARS2 	 0
DAXX 	 0
DAZAP1 	 14
DAZAP2 	 0
DAZL 	 0
DBC1 	 0
DBF4 	 0
DBF4B 	 0
DBH 	 0
DBI 	 0
DBIL5P 	 0
DBIL5P2 	 0
DBN1 	 0
DBNDD1 	 0
DBNDD2 	 0
DBNL 	 0
DBP 	 0
DBR1 	 0
DBT 	 0
DBX2 	 0
DCAF10 	 639
DCAF11 	 0
DCAF12 	 0
DCAF12L1 	 0
DCAF12L2 	 0
DCAF13 	 0
DCAF15 	 0
DCAF16 	 0
DCAF17 	 0
DCAF4 	 0
DCAF4L1 	 0
DCAF4L2 	 0
DCAF5 	 0
DCAF6 	 0
DCAF7 	 124
DCAF8 	 0
DCAF8L1 	 0
DCAF8L2 	 0
DCAKD 	 0
DCBLD1 	 0
DCBLD2 	 0
DCC 	 1
DCD 	 0
DCDC1 	 0
DCDC2 	 0
DCDC2B 	 0
DCDC5 	 0
DCHS1 	 0
DCHS2 	 0
DCK 	 0
DCLK1 	 0
DCLK2 	 83
DCLK3 	 0
DCLRE1A 	 0
DCLRE1B 	 0
DCLRE1C 	 0
DCN 	 0
DCP1A 	 157
DCP1B 	 0
DCP2 	 0
DCPS 	 0
DCST1 	 0
DCST2 	 0
DCT 	 0
DCTD 	 0
DCTN1 	 0
DCTN2 	 0
DCTN3 	 0
DCTN4 	 635
DCTN5 	 0
DCTN6 	 0
DCTPP1 	 0
DCUN1D1 	 1
DCUN1D2 	 0
DCUN1D3 	 0
DCUN1D4 	 0
DCUN1D5 	 0
DCX 	 1248
DCXR 	 0
DDA1 	 0
DDAH1 	 0
DDAH2 	 0
DDB1 	 0
DDB2 	 0
DDC 	 0
DDHD1 	 0
DDHD2 	 0
DDI1 	 0
DDI2 	 0
DDIT3 	 0
DDIT4 	 0
DDIT4L 	 0
DDN 	 0
DDO 	 0
DDOST 	 0
DDR1 	 0
DDR2 	 0
DDRGK1 	 0
DDT 	 5
DDTL 	 0
DDX1 	 0
DDX10 	 0
DDX11 	 0
DDX11L1 	 0
DDX11L2 	 0
DDX12P 	 0
DDX17 	 0
DDX18 	 16
DDX19A 	 0
DDX19B 	 0
DDX20 	 0
DDX21 	 0
DDX23 	 0
DDX24 	 0
DDX25 	 0
DDX26B 	 0
DDX27 	 0
DDX28 	 0
DDX31 	 0
DDX39A 	 28
DDX39B 	 0
DDX3X 	 0
DDX3Y 	 0
DDX4 	 0
DDX41 	 0
DDX42 	 0
DDX43 	 0
DDX46 	 0
DDX47 	 1
DDX49 	 0
DDX5 	 252
DDX50 	 0
DDX51 	 0
DDX52 	 1
DDX53 	 0
DDX54 	 0
DDX55 	 0
DDX56 	 2
DDX58 	 0
DDX59 	 0
DDX6 	 759
DDX60 	 0
DDX60L 	 0
DEAF1 	 0
DEC1 	 0
DECR1 	 0
DECR2 	 0
DEDD 	 1
DEDD2 	 4
DEF6 	 0
DEF8 	 0
DEFA4 	 0
DEFA6 	 0
DEFB1 	 0
DEFB108B 	 0
DEFB109P1 	 0
DEFB109P1B 	 0
DEFB110 	 0
DEFB112 	 0
DEFB113 	 0
DEFB118 	 0
DEFB119 	 0
DEFB121 	 0
DEFB122 	 0
DEFB123 	 0
DEFB124 	 0
DEFB125 	 0
DEFB127 	 0
DEFB128 	 0
DEFB129 	 0
DEFB131 	 0
DEFB132 	 0
DEFB134 	 0
DEFB135 	 0
DEFB136 	 0
DEGS1 	 0
DEGS2 	 0
DEK 	 274
DEM1 	 0
DENND1A 	 0
DENND1B 	 0
DENND1C 	 0
DENND2A 	 0
DENND2C 	 0
DENND2D 	 0
DENND3 	 0
DENND4A 	 1
DENND4B 	 0
DENND4C 	 0
DENND5A 	 220
DENND5B 	 0
DENR 	 0
DEPDC1 	 0
DEPDC1B 	 6
DEPDC4 	 0
DEPDC5 	 0
DEPDC7 	 0
DEPTOR 	 0
DERA 	 0
DERL1 	 0
DERL2 	 312
DERL3 	 0
DES 	 0
DET1 	 0
DEXI 	 0
DFFA 	 0
DFFB 	 0
DFNA5 	 0
DFNB31 	 0
DFNB59 	 0
DGAT1 	 0
DGAT2 	 0
DGAT2L6 	 0
DGCR10 	 0
DGCR11 	 0
DGCR14 	 0
DGCR2 	 0
DGCR5 	 0
DGCR6 	 0
DGCR6L 	 0
DGCR8 	 0
DGCR9 	 0
DGKA 	 0
DGKB 	 0
DGKD 	 0
DGKE 	 0
DGKG 	 0
DGKH 	 0
DGKI 	 0
DGKK 	 0
DGKQ 	 0
DGKZ 	 0
DGUOK 	 0
DHCR24 	 0
DHCR7 	 12
DHDDS 	 0
DHDH 	 0
DHFR 	 0
DHFRL1 	 0
DHH 	 0
DHODH 	 0
DHPS 	 0
DHRS1 	 0
DHRS11 	 0
DHRS12 	 0
DHRS13 	 0
DHRS2 	 0
DHRS3 	 0
DHRS4 	 0
DHRS4L1 	 0
DHRS4L2 	 0
DHRS7 	 0
DHRS7B 	 0
DHRS7C 	 0
DHRS9 	 0
DHTKD1 	 0
DHX15 	 0
DHX16 	 0
DHX29 	 0
DHX30 	 0
DHX32 	 0
DHX33 	 0
DHX34 	 0
DHX35 	 0
DHX36 	 25
DHX37 	 0
DHX38 	 58
DHX40 	 0
DHX57 	 0
DHX58 	 0
DHX8 	 0
DHX9 	 138
DIABLO 	 0
DIAPH1 	 0
DIAPH2 	 0
DIAPH3 	 0
DICER1 	 1
DICER1-AS1 	 0
DIDO1 	 2
DIEXF 	 14
DIMT1 	 227
DIO1 	 0
DIO2 	 0
DIO3 	 0
DIO3OS 	 0
DIP2A 	 0
DIP2B 	 0
DIP2C 	 0
DIRAS1 	 0
DIRAS2 	 0
DIRAS3 	 0
DIRC1 	 0
DIRC2 	 1
DIRC3 	 0
DIS3 	 0
DIS3L 	 0
DIS3L2 	 0
DISC1 	 0
DISC2 	 0
DISP1 	 0
DISP2 	 0
DIXDC1 	 0
DKC1 	 3
DKFZP434A062 	 0
DKFZP434H168 	 0
DKFZP434I0714 	 0
DKFZP434K028 	 0
DKFZP434L187 	 0
DKFZP564C196 	 0
DKFZP586I1420 	 0
DKFZP686I15217 	 9
DKFZp434J0226 	 0
DKFZp434L192 	 0
DKFZp451B082 	 0
DKFZp566F0947 	 0
DKFZp686D0853 	 0
DKFZp686K1684 	 0
DKFZp686O1327 	 0
DKFZp779M0652 	 0
DKK1 	 0
DKK2 	 0
DKK3 	 0
DKK4 	 0
DKKL1 	 0
DLAT 	 0
DLC1 	 0
DLD 	 0
DLEC1 	 0
DLEU1 	 0
DLEU2 	 0
DLEU2L 	 0
DLEU7 	 0
DLG1 	 0
DLG2 	 336
DLG3 	 0
DLG4 	 0
DLG5 	 0
DLGAP1 	 13
DLGAP2 	 0
DLGAP3 	 0
DLGAP4 	 0
DLGAP5 	 0
DLK1 	 0
DLK2 	 33
DLL1 	 0
DLL3 	 0
DLL4 	 0
DLST 	 0
DLX1 	 0
DLX2 	 0
DLX3 	 0
DLX4 	 0
DLX5 	 0
DLX6 	 0
DLX6-AS1 	 0
DMAP1 	 0
DMBT1 	 0
DMBX1 	 0
DMC1 	 0
DMD 	 318
DMGDH 	 0
DMKN 	 0
DMP1 	 0
DMPK 	 0
DMRT1 	 0
DMRT2 	 0
DMRT3 	 0
DMRTA1 	 0
DMRTA2 	 0
DMRTB1 	 0
DMRTC2 	 0
DMTF1 	 1
DMWD 	 0
DMXL1 	 0
DMXL2 	 0
DNA2 	 0
DNAAF1 	 0
DNAAF2 	 0
DNAH1 	 0
DNAH10 	 149
DNAH11 	 0
DNAH12 	 0
DNAH14 	 0
DNAH17 	 0
DNAH2 	 0
DNAH3 	 0
DNAH5 	 0
DNAH6 	 0
DNAH7 	 0
DNAH8 	 0
DNAH9 	 0
DNAI1 	 0
DNAI2 	 0
DNAJA1 	 0
DNAJA1P5 	 0
DNAJA2 	 0
DNAJA3 	 0
DNAJA4 	 0
DNAJB1 	 0
DNAJB11 	 0
DNAJB12 	 0
DNAJB13 	 0
DNAJB14 	 0
DNAJB2 	 0
DNAJB3 	 0
DNAJB4 	 0
DNAJB5 	 0
DNAJB6 	 0
DNAJB7 	 0
DNAJB8 	 0
DNAJB8-AS1 	 0
DNAJB9 	 0
DNAJC1 	 0
DNAJC10 	 0
DNAJC11 	 0
DNAJC12 	 0
DNAJC13 	 0
DNAJC14 	 0
DNAJC15 	 2
DNAJC16 	 0
DNAJC17 	 0
DNAJC18 	 225
DNAJC19 	 17
DNAJC2 	 0
DNAJC21 	 0
DNAJC22 	 0
DNAJC24 	 0
DNAJC25 	 0
DNAJC27 	 0
DNAJC27-AS1 	 0
DNAJC28 	 0
DNAJC3 	 0
DNAJC30 	 67
DNAJC4 	 0
DNAJC5 	 0
DNAJC5B 	 0
DNAJC5G 	 0
DNAJC6 	 0
DNAJC7 	 14
DNAJC8 	 0
DNAJC9 	 0
DNAL1 	 0
DNAL4 	 0
DNALI1 	 0
DNASE1 	 77
DNASE1L1 	 0
DNASE1L2 	 0
DNASE1L3 	 0
DNASE2 	 0
DNASE2B 	 0
DND1 	 0
DNER 	 45
DNHD1 	 0
DNLZ 	 0
DNM1 	 60
DNM1L 	 286
DNM1P35 	 0
DNM1P46 	 0
DNM2 	 0
DNM3 	 0
DNM3OS 	 0
DNMBP 	 0
DNMBP-AS1 	 0
DNMT1 	 0
DNMT3A 	 0
DNMT3B 	 0
DNMT3L 	 0
DNPEP 	 0
DNTT 	 0
DNTTIP1 	 0
DNTTIP2 	 0
DOC2A 	 0
DOC2B 	 0
DOC2GP 	 0
DOCK1 	 0
DOCK10 	 0
DOCK11 	 0
DOCK2 	 3
DOCK3 	 0
DOCK4 	 0
DOCK5 	 0
DOCK6 	 0
DOCK7 	 147
DOCK8 	 0
DOCK9 	 0
DOHH 	 0
DOK1 	 0
DOK2 	 0
DOK3 	 0
DOK4 	 2
DOK5 	 84
DOK6 	 0
DOK7 	 0
DOLK 	 0
DOLPP1 	 0
DOM3Z 	 0
DONSON 	 0
DOPEY1 	 72
DOPEY2 	 1
DOT1L 	 0
DPAGT1 	 0
DPCD 	 21
DPEP1 	 0
DPEP2 	 0
DPEP3 	 0
DPF1 	 0
DPF2 	 0
DPF3 	 0
DPH1 	 0
DPH2 	 0
DPH3 	 0
DPH3P1 	 0
DPH5 	 0
DPM1 	 0
DPM2 	 0
DPM3 	 6
DPP10 	 0
DPP3 	 0
DPP4 	 0
DPP6 	 0
DPP7 	 0
DPP8 	 0
DPP9 	 0
DPPA2 	 0
DPPA3 	 0
DPPA4 	 0
DPPA5 	 0
DPRX 	 0
DPRXP4 	 0
DPT 	 0
DPY19L1 	 0
DPY19L1P1 	 0
DPY19L2 	 0
DPY19L2P1 	 0
DPY19L2P2 	 0
DPY19L2P3 	 0
DPY19L2P4 	 0
DPY19L3 	 0
DPY19L4 	 0
DPY30 	 0
DPYD 	 0
DPYS 	 0
DPYSL2 	 3334
DPYSL3 	 597
DPYSL4 	 0
DPYSL5 	 0
DQX1 	 0
DR1 	 0
DRAM1 	 0
DRAM2 	 0
DRAP1 	 0
DRD1 	 0
DRD2 	 0
DRD3 	 0
DRD4 	 0
DRD5 	 0
DRG1 	 0
DRG2 	 0
DRGX 	 0
DROSHA 	 0
DRP2 	 0
DSC1 	 0
DSC2 	 0
DSC3 	 0
DSCAM 	 36
DSCAM-AS1 	 0
DSCAML1 	 0
DSCC1 	 0
DSCR10 	 0
DSCR3 	 0
DSCR4 	 0
DSCR6 	 0
DSCR8 	 0
DSCR9 	 0
DSE 	 0
DSEL 	 0
DSG1 	 0
DSG2 	 0
DSG3 	 0
DSG4 	 0
DSN1 	 0
DSP 	 0
DSPP 	 0
DST 	 0
DSTN 	 60
DSTNP2 	 0
DSTYK 	 6
DTD1 	 0
DTHD1 	 0
DTL 	 0
DTNA 	 0
DTNB 	 0
DTNBP1 	 0
DTWD1 	 0
DTWD2 	 0
DTX1 	 15
DTX2 	 0
DTX2P1-UPK3BP1-PMS2P11 	 0
DTX3 	 0
DTX3L 	 0
DTX4 	 0
DTYMK 	 0
DUOX1 	 0
DUOX2 	 0
DUOXA1 	 0
DUOXA2 	 0
DUPD1 	 0
DUS1L 	 0
DUS2L 	 39
DUS3L 	 0
DUS4L 	 0
DUSP1 	 0
DUSP10 	 0
DUSP11 	 0
DUSP12 	 0
DUSP13 	 0
DUSP14 	 0
DUSP15 	 0
DUSP16 	 3
DUSP18 	 0
DUSP19 	 0
DUSP2 	 0
DUSP21 	 0
DUSP22 	 0
DUSP23 	 0
DUSP26 	 0
DUSP27 	 0
DUSP28 	 0
DUSP3 	 0
DUSP4 	 0
DUSP5 	 0
DUSP5P 	 0
DUSP6 	 0
DUSP7 	 0
DUSP8 	 0
DUSP9 	 0
DUT 	 3
DUX2 	 0
DUXA 	 0
DVL1 	 0
DVL2 	 0
DVL3 	 0
DYDC1 	 0
DYDC2 	 0
DYM 	 0
DYNC1H1 	 0
DYNC1I1 	 0
DYNC1I2 	 23
DYNC1LI1 	 0
DYNC1LI2 	 0
DYNC2H1 	 1
DYNC2LI1 	 0
DYNLL1 	 0
DYNLL2 	 0
DYNLRB1 	 157
DYNLRB2 	 0
DYNLT1 	 89
DYNLT3 	 0
DYRK1A 	 0
DYRK1B 	 0
DYRK2 	 0
DYRK3 	 0
DYRK4 	 1
DYSF 	 0
DYTN 	 0
DYX1C1 	 0
DYX1C1-CCPG1 	 0
DZANK1 	 0
DZANK1-AS1 	 0
DZIP1 	 0
DZIP1L 	 0
DZIP3 	 0
E2F1 	 0
E2F2 	 0
E2F3 	 0
E2F4 	 0
E2F5 	 0
E2F6 	 0
E2F7 	 0
E2F8 	 0
E4F1 	 0
EAF1 	 143
EAF2 	 0
EAPP 	 0
EARS2 	 0
EBAG9 	 0
EBF1 	 0
EBF2 	 0
EBF3 	 0
EBF4 	 0
EBI3 	 0
EBLN1 	 0
EBLN2 	 0
EBNA1BP2 	 13
EBP 	 3
EBPL 	 0
ECD 	 0
ECE1 	 0
ECE2 	 0
ECEL1 	 0
ECEL1P2 	 0
ECH1 	 0
ECHDC1 	 0
ECHDC2 	 0
ECHDC3 	 0
ECHS1 	 0
ECI1 	 0
ECI2 	 0
ECM1 	 0
ECM2 	 1
ECRP 	 0
ECSCR 	 0
ECSIT 	 0
ECT2 	 0
ECT2L 	 0
EDA 	 0
EDA2R 	 0
EDAR 	 0
EDARADD 	 0
EDC3 	 0
EDC4 	 20
EDDM3A 	 0
EDDM3B 	 0
EDEM1 	 0
EDEM2 	 0
EDEM3 	 0
EDF1 	 0
EDIL3 	 0
EDN1 	 0
EDN2 	 0
EDN3 	 0
EDNRA 	 0
EDNRB 	 0
EEA1 	 0
EED 	 0
EEF1A1 	 74
EEF1A2 	 0
EEF1B2 	 30
EEF1D 	 0
EEF1DP3 	 0
EEF1E1 	 0
EEF1E1-MUTED 	 0
EEF1G 	 32
EEF2 	 95
EEF2K 	 0
EEFSEC 	 0
EEPD1 	 0
EFCAB1 	 0
EFCAB10 	 0
EFCAB11 	 0
EFCAB2 	 0
EFCAB3 	 0
EFCAB4A 	 0
EFCAB4B 	 0
EFCAB5 	 0
EFCAB6 	 0
EFCAB7 	 0
EFCAB9 	 0
EFEMP1 	 0
EFEMP2 	 0
EFHA1 	 0
EFHA2 	 2
EFHB 	 0
EFHC1 	 0
EFHC2 	 0
EFHD1 	 0
EFHD2 	 0
EFNA1 	 0
EFNA2 	 0
EFNA3 	 2
EFNA4 	 0
EFNA5 	 0
EFNB1 	 0
EFNB2 	 0
EFNB3 	 0
EFR3A 	 0
EFR3B 	 7
EFS 	 0
EFTUD1 	 0
EFTUD2 	 0
EGF 	 0
EGFEM1P 	 0
EGFL6 	 0
EGFL7 	 0
EGFLAM 	 0
EGFLAM-AS4 	 0
EGFR 	 0
EGLN1 	 0
EGLN2 	 0
EGLN3 	 0
EGOT 	 0
EGR1 	 0
EGR2 	 0
EGR3 	 0
EGR4 	 0
EHBP1 	 0
EHBP1L1 	 0
EHD1 	 0
EHD2 	 0
EHD3 	 0
EHD4 	 0
EHF 	 0
EHHADH 	 0
EHMT1 	 0
EHMT2 	 0
EI24 	 1
EID1 	 207
EID2 	 0
EID2B 	 0
EID3 	 0
EIF1 	 67
EIF1AD 	 0
EIF1AX 	 9
EIF1AY 	 0
EIF1B 	 66
EIF2A 	 0
EIF2AK1 	 0
EIF2AK2 	 0
EIF2AK3 	 0
EIF2AK4 	 1
EIF2B1 	 0
EIF2B2 	 0
EIF2B3 	 0
EIF2B4 	 0
EIF2B5 	 6
EIF2C1 	 250
EIF2C2 	 0
EIF2C3 	 0
EIF2C4 	 0
EIF2D 	 0
EIF2S1 	 147
EIF2S2 	 0
EIF2S3 	 1
EIF3A 	 326
EIF3B 	 0
EIF3C 	 0
EIF3CL 	 0
EIF3D 	 0
EIF3E 	 0
EIF3F 	 0
EIF3G 	 0
EIF3H 	 114
EIF3I 	 313
EIF3IP1 	 0
EIF3J 	 3
EIF3K 	 0
EIF3L 	 1
EIF3M 	 0
EIF4A2 	 0
EIF4A3 	 0
EIF4B 	 0
EIF4E 	 8
EIF4E1B 	 0
EIF4E2 	 0
EIF4E3 	 0
EIF4EBP1 	 0
EIF4EBP2 	 55
EIF4EBP3 	 0
EIF4ENIF1 	 1
EIF4G1 	 0
EIF4G2 	 960
EIF4G3 	 21
EIF4H 	 0
EIF5 	 0
EIF5A 	 0
EIF5A2 	 0
EIF5AL1 	 0
EIF5B 	 26
EIF6 	 185
ELAC1 	 0
ELAC2 	 0
ELANE 	 0
ELAVL1 	 0
ELAVL2 	 65
ELAVL3 	 0
ELAVL4 	 0
ELF1 	 0
ELF2 	 28
ELF3 	 0
ELF4 	 0
ELF5 	 0
ELFN1 	 0
ELFN2 	 0
ELK1 	 0
ELK2AP 	 0
ELK3 	 0
ELK4 	 0
ELL 	 0
ELL2 	 0
ELL3 	 0
ELMO1 	 8
ELMO2 	 0
ELMO3 	 0
ELMOD1 	 0
ELMOD2 	 0
ELMOD3 	 0
ELN 	 0
ELOF1 	 0
ELOVL1 	 0
ELOVL2 	 0
ELOVL3 	 0
ELOVL4 	 0
ELOVL5 	 0
ELOVL6 	 0
ELOVL7 	 0
ELP2 	 0
ELP3 	 0
ELP4 	 0
ELSPBP1 	 0
ELTD1 	 0
EMB 	 0
EMBP1 	 0
EMCN 	 0
EMD 	 0
EME1 	 0
EME2 	 0
EMG1 	 0
EMID1 	 0
EMID2 	 0
EMILIN1 	 0
EMILIN2 	 0
EMILIN3 	 0
EML1 	 0
EML2 	 0
EML3 	 0
EML4 	 417
EML5 	 0
EML6 	 0
EMP1 	 0
EMP2 	 0
EMP3 	 0
EMR1 	 0
EMR2 	 0
EMR3 	 0
EMR4P 	 0
EMX1 	 0
EMX2 	 0
EMX2OS 	 0
EN1 	 0
EN2 	 0
ENAH 	 796
ENAM 	 0
ENC1 	 0
ENDOD1 	 0
ENDOG 	 0
ENDOU 	 0
ENDOV 	 0
ENG 	 0
ENGASE 	 0
ENHO 	 0
ENKUR 	 0
ENO1 	 0
ENO1-AS1 	 0
ENO2 	 0
ENO3 	 0
ENO4 	 0
ENOPH1 	 0
ENOSF1 	 0
ENOX1 	 0
ENOX2 	 0
ENPEP 	 0
ENPP1 	 0
ENPP2 	 0
ENPP3 	 0
ENPP4 	 0
ENPP5 	 0
ENPP6 	 0
ENPP7 	 0
ENSA 	 24
ENTHD1 	 0
ENTPD1 	 0
ENTPD2 	 0
ENTPD3 	 0
ENTPD3-AS1 	 0
ENTPD4 	 0
ENTPD5 	 0
ENTPD6 	 0
ENTPD7 	 3
ENTPD8 	 0
ENY2 	 0
EOMES 	 0
EP300 	 22
EP400 	 0
EP400NL 	 0
EPAS1 	 0
EPB41 	 0
EPB41L1 	 0
EPB41L2 	 0
EPB41L3 	 0
EPB41L4A 	 772
EPB41L4A-AS1 	 0
EPB41L4B 	 0
EPB41L5 	 0
EPB42 	 0
EPB49 	 0
EPC1 	 0
EPC2 	 0
EPCAM 	 0
EPDR1 	 0
EPG5 	 0
EPGN 	 0
EPHA1 	 0
EPHA10 	 0
EPHA2 	 0
EPHA3 	 6
EPHA4 	 0
EPHA5 	 0
EPHA6 	 0
EPHA7 	 0
EPHA8 	 0
EPHB1 	 0
EPHB2 	 0
EPHB3 	 0
EPHB4 	 0
EPHB6 	 0
EPHX1 	 0
EPHX2 	 0
EPHX3 	 0
EPHX4 	 0
EPM2A 	 0
EPM2AIP1 	 4
EPN1 	 0
EPN2 	 0
EPN3 	 0
EPO 	 0
EPOR 	 0
EPPK1 	 0
EPRS 	 2
EPS15 	 0
EPS15L1 	 0
EPS8 	 490
EPS8L1 	 0
EPS8L2 	 0
EPS8L3 	 0
EPSTI1 	 0
EPT1 	 0
EPX 	 0
EPYC 	 0
ERAL1 	 0
ERAP1 	 0
ERAP2 	 0
ERAS 	 0
ERBB2 	 0
ERBB2IP 	 0
ERBB3 	 0
ERBB4 	 0
ERC1 	 0
ERC2 	 0
EREG 	 0
ERF 	 0
ERG 	 0
ERGIC1 	 20
ERGIC2 	 0
ERGIC3 	 0
ERH 	 0
ERI1 	 0
ERI2 	 0
ERI3 	 0
ERICH1 	 0
ERLEC1 	 90
ERLIN1 	 0
ERLIN2 	 0
ERMAP 	 0
ERMN 	 0
ERMP1 	 0
ERN1 	 0
ERN2 	 0
ERO1L 	 0
ERO1LB 	 0
ERP27 	 0
ERP29 	 0
ERP44 	 20
ERRFI1 	 0
ERV3-1 	 0
ERVFRD-1 	 0
ERVK13-1 	 1
ERVMER34-1 	 0
ERVV-1 	 0
ERVV-2 	 0
ESAM 	 0
ESCO1 	 0
ESCO2 	 0
ESD 	 0
ESF1 	 9
ESM1 	 0
ESPL1 	 0
ESPN 	 0
ESPNL 	 0
ESPNP 	 0
ESR1 	 0
ESR2 	 0
ESRG 	 0
ESRP1 	 0
ESRP2 	 0
ESRRA 	 0
ESRRB 	 0
ESRRG 	 0
ESX1 	 0
ESYT1 	 0
ESYT2 	 8
ESYT3 	 0
ETAA1 	 0
ETF1 	 0
ETFA 	 0
ETFB 	 0
ETFDH 	 0
ETHE1 	 0
ETNK1 	 447
ETNK2 	 0
ETS1 	 0
ETS2 	 0
ETV1 	 0
ETV2 	 0
ETV3 	 0
ETV3L 	 0
ETV4 	 0
ETV5 	 0
ETV6 	 0
ETV7 	 0
EVC 	 11
EVC2 	 0
EVI2A 	 0
EVI2B 	 0
EVI5 	 0
EVI5L 	 0
EVL 	 11
EVPL 	 0
EVPLL 	 0
EVX1 	 0
EVX2 	 0
EWSR1 	 26
EXD1 	 0
EXD2 	 0
EXD3 	 0
EXO1 	 0
EXOC1 	 0
EXOC2 	 29
EXOC3 	 0
EXOC3L1 	 0
EXOC3L2 	 1
EXOC3L4 	 0
EXOC4 	 0
EXOC5 	 0
EXOC6 	 0
EXOC6B 	 1
EXOC7 	 0
EXOC8 	 0
EXOG 	 0
EXOSC1 	 0
EXOSC10 	 0
EXOSC2 	 0
EXOSC3 	 0
EXOSC4 	 0
EXOSC5 	 0
EXOSC6 	 0
EXOSC7 	 0
EXOSC8 	 3
EXOSC9 	 0
EXPH5 	 0
EXT1 	 0
EXT2 	 0
EXTL1 	 0
EXTL2 	 0
EXTL3 	 0
EYA1 	 0
EYA2 	 0
EYA3 	 0
EYA4 	 0
EYS 	 0
EZH1 	 0
EZH2 	 0
EZR 	 130
F10 	 0
F11 	 0
F11R 	 0
F12 	 0
F13A1 	 0
F13B 	 0
F2 	 0
F2R 	 0
F2RL1 	 0
F2RL2 	 0
F2RL3 	 0
F3 	 0
F5 	 0
F7 	 0
F8 	 0
F8A1 	 0
F9 	 0
FA2H 	 0
FAAH 	 0
FAAH2 	 0
FABP1 	 0
FABP12 	 0
FABP2 	 0
FABP3 	 0
FABP4 	 0
FABP5 	 0
FABP5P3 	 0
FABP6 	 0
FABP7 	 0
FABP9 	 0
FADD 	 2
FADS1 	 0
FADS2 	 6
FADS3 	 0
FADS6 	 0
FAF1 	 0
FAF2 	 0
FAH 	 0
FAHD1 	 0
FAHD2A 	 0
FAHD2B 	 0
FAIM 	 0
FAIM2 	 4
FAIM3 	 0
FAM100A 	 0
FAM100B 	 0
FAM101A 	 0
FAM101B 	 0
FAM102A 	 0
FAM102B 	 0
FAM103A1 	 0
FAM104A 	 0
FAM104B 	 0
FAM105A 	 0
FAM105B 	 0
FAM106A 	 0
FAM106CP 	 0
FAM107A 	 0
FAM107B 	 0
FAM108A1 	 0
FAM108B1 	 0
FAM108C1 	 0
FAM109A 	 0
FAM109B 	 0
FAM110A 	 0
FAM110B 	 394
FAM110C 	 0
FAM110D 	 0
FAM111A 	 0
FAM111B 	 0
FAM113A 	 0
FAM113B 	 0
FAM114A1 	 0
FAM114A2 	 0
FAM115A 	 1
FAM115C 	 0
FAM116A 	 0
FAM116B 	 0
FAM117A 	 0
FAM117B 	 1
FAM118A 	 0
FAM118B 	 0
FAM120A 	 0
FAM120AOS 	 0
FAM120B 	 0
FAM120C 	 0
FAM122A 	 0
FAM122B 	 0
FAM122C 	 0
FAM123A 	 0
FAM123B 	 0
FAM123C 	 14
FAM124A 	 0
FAM124B 	 0
FAM125A 	 0
FAM125B 	 0
FAM126A 	 374
FAM126B 	 0
FAM127A 	 0
FAM127B 	 0
FAM127C 	 0
FAM129A 	 0
FAM129B 	 0
FAM129C 	 0
FAM131A 	 0
FAM131B 	 8
FAM131C 	 0
FAM132A 	 0
FAM133A 	 0
FAM133B 	 0
FAM134A 	 22
FAM134B 	 0
FAM134C 	 0
FAM135A 	 0
FAM135B 	 0
FAM136A 	 0
FAM138B 	 0
FAM138D 	 0
FAM138E 	 0
FAM13A 	 0
FAM13A-AS1 	 0
FAM13B 	 0
FAM13C 	 0
FAM149A 	 0
FAM149B1 	 0
FAM150A 	 0
FAM150B 	 0
FAM151A 	 0
FAM151B 	 0
FAM153A 	 0
FAM153B 	 0
FAM153C 	 0
FAM154A 	 0
FAM154B 	 0
FAM155A 	 1
FAM155B 	 0
FAM156A 	 0
FAM156B 	 0
FAM157A 	 0
FAM157B 	 0
FAM158A 	 0
FAM159A 	 0
FAM159B 	 0
FAM160A1 	 0
FAM160A2 	 0
FAM160B1 	 0
FAM160B2 	 0
FAM161A 	 0
FAM161B 	 0
FAM162A 	 0
FAM162B 	 0
FAM163A 	 0
FAM163B 	 0
FAM165B 	 0
FAM166A 	 0
FAM166B 	 0
FAM167A 	 0
FAM167B 	 0
FAM168A 	 0
FAM168B 	 0
FAM169A 	 0
FAM169B 	 0
FAM170A 	 0
FAM170B 	 0
FAM171A1 	 0
FAM171A2 	 0
FAM171B 	 0
FAM172A 	 0
FAM172BP 	 0
FAM173A 	 0
FAM173B 	 0
FAM174A 	 0
FAM174B 	 0
FAM175A 	 0
FAM175B 	 0
FAM176A 	 0
FAM176B 	 0
FAM177A1 	 0
FAM177B 	 0
FAM178A 	 0
FAM178B 	 0
FAM179A 	 0
FAM179B 	 0
FAM180A 	 0
FAM180B 	 0
FAM181A 	 0
FAM181A-AS1 	 0
FAM181B 	 0
FAM182A 	 0
FAM182B 	 0
FAM183A 	 0
FAM183B 	 0
FAM184A 	 0
FAM184B 	 0
FAM185A 	 0
FAM186A 	 0
FAM186B 	 0
FAM187B 	 0
FAM188A 	 0
FAM188B 	 0
FAM189A1 	 0
FAM189A2 	 0
FAM189B 	 0
FAM18A 	 0
FAM18B1 	 0
FAM18B2 	 0
FAM18B2-CDRT4 	 0
FAM190A 	 0
FAM190B 	 0
FAM192A 	 534
FAM193A 	 13
FAM193B 	 5
FAM194A 	 0
FAM194B 	 0
FAM195A 	 0
FAM195B 	 0
FAM196A 	 0
FAM196B 	 0
FAM198A 	 0
FAM198B 	 0
FAM199X 	 9
FAM19A1 	 0
FAM19A2 	 0
FAM19A3 	 0
FAM19A4 	 0
FAM19A5 	 0
FAM200A 	 0
FAM200B 	 0
FAM201A 	 0
FAM203A 	 0
FAM204A 	 0
FAM205A 	 0
FAM205B 	 0
FAM206A 	 0
FAM207A 	 0
FAM208A 	 0
FAM208B 	 1
FAM209A 	 0
FAM209B 	 0
FAM20A 	 0
FAM20B 	 0
FAM20C 	 0
FAM210A 	 0
FAM210B 	 0
FAM211A 	 1
FAM211B 	 0
FAM212A 	 0
FAM212B 	 0
FAM213A 	 0
FAM213B 	 0
FAM214A 	 0
FAM214B 	 0
FAM215A 	 0
FAM216A 	 0
FAM216B 	 0
FAM217A 	 0
FAM217B 	 0
FAM21A 	 0
FAM21B 	 0
FAM21C 	 0
FAM22A 	 0
FAM22D 	 0
FAM22F 	 0
FAM22G 	 0
FAM24A 	 0
FAM24B 	 0
FAM24B-CUZD1 	 0
FAM25A 	 0
FAM26D 	 0
FAM26E 	 0
FAM26F 	 0
FAM27A 	 0
FAM27B 	 0
FAM27C 	 0
FAM27L 	 0
FAM32A 	 1
FAM35A 	 91
FAM35B 	 0
FAM35B2 	 0
FAM3A 	 0
FAM3B 	 0
FAM3C 	 0
FAM3D 	 0
FAM40A 	 0
FAM40B 	 0
FAM41C 	 0
FAM43A 	 0
FAM43B 	 0
FAM45A 	 0
FAM45B 	 0
FAM46A 	 0
FAM46B 	 0
FAM46C 	 0
FAM46D 	 0
FAM47A 	 0
FAM47B 	 0
FAM47C 	 0
FAM47E 	 0
FAM47E-STBD1 	 0
FAM48A 	 0
FAM48B1 	 0
FAM49A 	 7
FAM49B 	 0
FAM50A 	 0
FAM50B 	 0
FAM53A 	 0
FAM53B 	 0
FAM53C 	 0
FAM54A 	 0
FAM54B 	 0
FAM55A 	 0
FAM55B 	 0
FAM55C 	 0
FAM55D 	 0
FAM57A 	 0
FAM57B 	 0
FAM58A 	 0
FAM58BP 	 0
FAM59A 	 1
FAM59B 	 0
FAM5B 	 0
FAM5C 	 0
FAM60A 	 0
FAM63A 	 0
FAM63B 	 0
FAM64A 	 0
FAM65A 	 0
FAM65B 	 0
FAM65C 	 0
FAM66A 	 0
FAM66B 	 0
FAM66C 	 0
FAM66D 	 0
FAM66E 	 0
FAM69A 	 0
FAM69B 	 0
FAM69C 	 0
FAM70A 	 0
FAM70B 	 0
FAM71A 	 0
FAM71B 	 0
FAM71C 	 0
FAM71D 	 0
FAM71E1 	 0
FAM71E2 	 0
FAM71F1 	 0
FAM71F2 	 0
FAM72A 	 0
FAM72B 	 0
FAM72D 	 0
FAM73A 	 0
FAM73B 	 0
FAM74A1 	 0
FAM74A3 	 0
FAM75A3 	 0
FAM75C1 	 0
FAM75C2 	 0
FAM75D1 	 0
FAM75D3 	 0
FAM75D4 	 0
FAM75D5 	 0
FAM76A 	 0
FAM76B 	 0
FAM78A 	 0
FAM78B 	 0
FAM81A 	 0
FAM81B 	 32
FAM82A1 	 0
FAM82A2 	 0
FAM82B 	 145
FAM83A 	 0
FAM83B 	 0
FAM83C 	 0
FAM83D 	 0
FAM83E 	 0
FAM83F 	 0
FAM83G 	 0
FAM83H 	 0
FAM84A 	 336
FAM84B 	 0
FAM86A 	 0
FAM86B1 	 0
FAM86B2 	 0
FAM86C1 	 0
FAM86C2P 	 0
FAM86DP 	 0
FAM86EP 	 0
FAM86FP 	 0
FAM86HP 	 0
FAM89A 	 0
FAM89B 	 0
FAM8A1 	 0
FAM90A1 	 0
FAM90A20 	 0
FAM90A25P 	 0
FAM90A2P 	 0
FAM90A7P 	 0
FAM91A1 	 0
FAM91A2 	 0
FAM92A1 	 0
FAM92A3 	 0
FAM92B 	 0
FAM95B1 	 0
FAM96A 	 0
FAM96B 	 55
FAM98A 	 0
FAM98B 	 0
FAM98C 	 0
FAM99A 	 0
FAM99B 	 0
FAM9A 	 0
FAM9B 	 0
FAM9C 	 0
FAN1 	 0
FANCA 	 0
FANCB 	 0
FANCC 	 0
FANCD2 	 0
FANCE 	 0
FANCF 	 0
FANCG 	 0
FANCI 	 0
FANCL 	 0
FANCM 	 0
FANK1 	 0
FAP 	 0
FAR1 	 0
FAR2 	 0
FARP1 	 0
FARP2 	 0
FARS2 	 0
FARSA 	 0
FARSB 	 0
FAS 	 0
FAS-AS1 	 0
FASLG 	 0
FASN 	 0
FASTK 	 0
FASTKD1 	 0
FASTKD2 	 0
FASTKD3 	 0
FASTKD5 	 0
FAT1 	 0
FAT2 	 0
FAT3 	 56
FAT4 	 0
FATE1 	 0
FAU 	 31
FAXC 	 77
FBF1 	 0
FBL 	 0
FBLIM1 	 0
FBLL1 	 0
FBLN1 	 0
FBLN2 	 0
FBLN5 	 0
FBLN7 	 0
FBN1 	 0
FBN2 	 0
FBN3 	 0
FBP1 	 0
FBP2 	 0
FBRS 	 0
FBRSL1 	 0
FBXL12 	 0
FBXL13 	 0
FBXL14 	 0
FBXL15 	 0
FBXL16 	 0
FBXL17 	 0
FBXL18 	 0
FBXL19 	 0
FBXL19-AS1 	 0
FBXL2 	 0
FBXL20 	 0
FBXL21 	 0
FBXL22 	 22
FBXL3 	 0
FBXL4 	 0
FBXL5 	 2
FBXL6 	 0
FBXL7 	 0
FBXL8 	 0
FBXO10 	 0
FBXO11 	 233
FBXO15 	 0
FBXO16 	 0
FBXO17 	 0
FBXO18 	 0
FBXO2 	 0
FBXO21 	 3
FBXO22 	 0
FBXO22-AS1 	 0
FBXO24 	 0
FBXO25 	 0
FBXO27 	 0
FBXO28 	 0
FBXO3 	 0
FBXO30 	 0
FBXO31 	 0
FBXO32 	 0
FBXO33 	 0
FBXO34 	 0
FBXO36 	 0
FBXO38 	 0
FBXO39 	 0
FBXO4 	 0
FBXO40 	 0
FBXO41 	 0
FBXO42 	 0
FBXO43 	 0
FBXO44 	 0
FBXO45 	 1
FBXO46 	 0
FBXO47 	 0
FBXO48 	 0
FBXO5 	 0
FBXO6 	 0
FBXO7 	 0
FBXO8 	 0
FBXO9 	 0
FBXW10 	 0
FBXW11 	 0
FBXW12 	 0
FBXW2 	 0
FBXW4 	 57
FBXW4P1 	 2
FBXW5 	 0
FBXW7 	 6
FBXW8 	 0
FBXW9 	 0
FCAMR 	 0
FCAR 	 0
FCER1A 	 0
FCER1G 	 0
FCER2 	 0
FCF1 	 1
FCGBP 	 0
FCGR1A 	 0
FCGR1B 	 0
FCGR1C 	 0
FCGR2A 	 0
FCGR2B 	 0
FCGR2C 	 0
FCGR3A 	 0
FCGR3B 	 0
FCGRT 	 0
FCHO1 	 0
FCHO2 	 0
FCHSD1 	 0
FCHSD2 	 0
FCN1 	 0
FCN2 	 0
FCN3 	 0
FCRL1 	 0
FCRL2 	 0
FCRL3 	 0
FCRL4 	 0
FCRL5 	 0
FCRL6 	 0
FCRLA 	 0
FCRLB 	 0
FDCSP 	 0
FDFT1 	 584
FDPS 	 0
FDPSL2A 	 0
FDX1 	 0
FDX1L 	 0
FDXACB1 	 0
FDXR 	 0
FECH 	 0
FEM1A 	 0
FEM1B 	 0
FEM1C 	 0
FEN1 	 0
FER 	 0
FER1L4 	 0
FER1L5 	 0
FER1L6 	 0
FER1L6-AS1 	 0
FERD3L 	 0
FERMT1 	 0
FERMT2 	 0
FERMT3 	 0
FES 	 0
FETUB 	 0
FEV 	 0
FEZ1 	 169
FEZ2 	 0
FEZF1 	 0
FEZF2 	 0
FFAR2 	 0
FFAR3 	 0
FGA 	 0
FGB 	 0
FGD1 	 0
FGD2 	 0
FGD3 	 0
FGD4 	 48
FGD5 	 0
FGD5-AS1 	 195
FGD6 	 0
FGF1 	 0
FGF10 	 0
FGF11 	 0
FGF12 	 0
FGF13 	 0
FGF14 	 0
FGF14-IT1 	 0
FGF16 	 0
FGF17 	 0
FGF18 	 0
FGF19 	 0
FGF2 	 0
FGF20 	 0
FGF21 	 0
FGF22 	 0
FGF23 	 0
FGF3 	 0
FGF5 	 0
FGF6 	 0
FGF7 	 0
FGF8 	 0
FGF9 	 0
FGFBP1 	 0
FGFBP2 	 0
FGFBP3 	 0
FGFR1 	 0
FGFR1OP 	 0
FGFR1OP2 	 0
FGFR2 	 0
FGFR3 	 0
FGFR4 	 0
FGFRL1 	 0
FGG 	 0
FGGY 	 0
FGL1 	 0
FGL2 	 0
FGR 	 0
FH 	 0
FHAD1 	 0
FHDC1 	 0
FHIT 	 0
FHL1 	 0
FHL2 	 0
FHL3 	 0
FHL5 	 0
FHOD1 	 0
FHOD3 	 28
FIBCD1 	 0
FIBIN 	 0
FIBP 	 0
FICD 	 0
FIG4 	 0
FIGF 	 0
FIGLA 	 0
FIGN 	 0
FIGNL1 	 0
FIGNL2 	 0
FILIP1 	 0
FILIP1L 	 0
FIP1L1 	 2
FIS1 	 0
FITM1 	 0
FITM2 	 0
FIZ1 	 0
FJX1 	 0
FKBP10 	 0
FKBP11 	 0
FKBP14 	 0
FKBP15 	 0
FKBP1A 	 17
FKBP1A-SDCBP2 	 0
FKBP1AP1 	 0
FKBP1B 	 0
FKBP2 	 0
FKBP3 	 0
FKBP4 	 0
FKBP5 	 0
FKBP6 	 0
FKBP7 	 0
FKBP8 	 0
FKBP9 	 0
FKBP9L 	 0
FKBPL 	 0
FKRP 	 0
FKSG29 	 0
FKTN 	 0
FLAD1 	 0
FLCN 	 0
FLG 	 0
FLG2 	 0
FLI1 	 0
FLII 	 0
FLJ10038 	 0
FLJ10661 	 0
FLJ11235 	 0
FLJ12334 	 0
FLJ12825 	 0
FLJ13197 	 1
FLJ13224 	 0
FLJ14107 	 0
FLJ14186 	 0
FLJ16171 	 0
FLJ16341 	 0
FLJ16779 	 0
FLJ20021 	 0
FLJ21408 	 0
FLJ22184 	 0
FLJ22447 	 0
FLJ22763 	 0
FLJ23152 	 0
FLJ23867 	 0
FLJ25328 	 0
FLJ25363 	 0
FLJ25758 	 0
FLJ26245 	 0
FLJ26850 	 0
FLJ27352 	 0
FLJ27354 	 0
FLJ30403 	 0
FLJ30679 	 0
FLJ30838 	 197
FLJ31306 	 0
FLJ31485 	 0
FLJ31662 	 0
FLJ31813 	 0
FLJ32063 	 0
FLJ32224 	 0
FLJ33065 	 0
FLJ33360 	 0
FLJ33534 	 0
FLJ33581 	 0
FLJ33630 	 0
FLJ34208 	 0
FLJ34503 	 0
FLJ34690 	 0
FLJ35024 	 0
FLJ35282 	 0
FLJ35390 	 0
FLJ35424 	 0
FLJ35776 	 0
FLJ35946 	 0
FLJ36000 	 0
FLJ36777 	 0
FLJ37035 	 0
FLJ37201 	 0
FLJ37453 	 0
FLJ37505 	 0
FLJ38109 	 0
FLJ38576 	 0
FLJ39051 	 0
FLJ39080 	 0
FLJ39534 	 0
FLJ39639 	 0
FLJ39653 	 0
FLJ39739 	 0
FLJ40194 	 0
FLJ40288 	 0
FLJ40292 	 0
FLJ40434 	 0
FLJ40852 	 0
FLJ41200 	 0
FLJ41278 	 0
FLJ41350 	 0
FLJ41484 	 0
FLJ41649 	 0
FLJ41941 	 0
FLJ42102 	 0
FLJ42280 	 0
FLJ42289 	 0
FLJ42351 	 0
FLJ42393 	 0
FLJ42627 	 0
FLJ42709 	 0
FLJ42875 	 0
FLJ42969 	 0
FLJ43315 	 0
FLJ43390 	 0
FLJ43663 	 0
FLJ43681 	 0
FLJ43826 	 0
FLJ43860 	 0
FLJ44054 	 0
FLJ44511 	 0
FLJ44635 	 0
FLJ45079 	 0
FLJ45340 	 1
FLJ45445 	 0
FLJ45513 	 0
FLJ45974 	 0
FLJ45983 	 0
FLJ46066 	 0
FLJ46257 	 0
FLJ46284 	 0
FLJ46300 	 0
FLJ46361 	 0
FLJ46906 	 0
FLJ90757 	 208
FLNA 	 0
FLNB 	 0
FLNC 	 0
FLOT1 	 0
FLOT2 	 0
FLRT1 	 0
FLRT2 	 0
FLRT3 	 0
FLT1 	 0
FLT3 	 0
FLT3LG 	 0
FLT4 	 0
FLVCR1 	 0
FLVCR1-AS1 	 0
FLVCR2 	 0
FLYWCH1 	 0
FLYWCH2 	 0
FMN1 	 0
FMN2 	 0
FMNL1 	 0
FMNL2 	 0
FMNL3 	 0
FMO1 	 0
FMO2 	 0
FMO3 	 0
FMO4 	 0
FMO5 	 0
FMO6P 	 0
FMO9P 	 0
FMOD 	 0
FMR1 	 0
FMR1-AS1 	 0
FMR1NB 	 0
FN1 	 0
FN3K 	 0
FN3KRP 	 0
FNBP1 	 53
FNBP1L 	 32
FNBP4 	 180
FNDC1 	 0
FNDC3A 	 0
FNDC3B 	 0
FNDC4 	 0
FNDC5 	 0
FNDC7 	 0
FNDC8 	 0
FNDC9 	 0
FNIP1 	 13
FNIP2 	 206
FNTA 	 0
FNTB 	 0
FOLH1 	 0
FOLH1B 	 0
FOLR1 	 0
FOLR2 	 0
FOLR3 	 0
FOLR4 	 0
FONG 	 0
FOPNL 	 0
FOS 	 0
FOSB 	 0
FOSL1 	 0
FOSL2 	 0
FOXA1 	 0
FOXA2 	 0
FOXA3 	 0
FOXB2 	 0
FOXC1 	 0
FOXC2 	 0
FOXD1 	 0
FOXD2 	 0
FOXD3 	 0
FOXD4 	 0
FOXD4L1 	 0
FOXD4L3 	 0
FOXD4L5 	 0
FOXD4L6 	 0
FOXE1 	 0
FOXE3 	 0
FOXF1 	 0
FOXF2 	 1
FOXG1 	 0
FOXH1 	 0
FOXI1 	 0
FOXI2 	 0
FOXJ1 	 0
FOXJ2 	 0
FOXJ3 	 0
FOXK1 	 135
FOXK2 	 0
FOXL1 	 0
FOXL2 	 0
FOXM1 	 0
FOXN1 	 0
FOXN2 	 0
FOXN3 	 758
FOXN4 	 0
FOXO1 	 0
FOXO3 	 218
FOXO3B 	 0
FOXO4 	 0
FOXP1 	 0
FOXP2 	 0
FOXP3 	 0
FOXP4 	 0
FOXQ1 	 0
FOXR1 	 0
FOXR2 	 0
FOXRED1 	 0
FOXRED2 	 0
FOXS1 	 0
FP588 	 0
FPGS 	 0
FPGT 	 0
FPGT-TNNI3K 	 0
FPR1 	 0
FPR2 	 0
FPR3 	 0
FRA10AC1 	 0
FRAS1 	 0
FRAT1 	 0
FRAT2 	 0
FREM1 	 0
FREM2 	 0
FREM3 	 0
FRG1 	 0
FRG1B 	 1
FRG2B 	 0
FRK 	 0
FRMD1 	 0
FRMD3 	 0
FRMD4A 	 0
FRMD4B 	 0
FRMD5 	 7
FRMD6 	 0
FRMD6-AS1 	 0
FRMD7 	 0
FRMD8 	 0
FRMD8P1 	 0
FRMPD1 	 0
FRMPD2 	 0
FRMPD2P1 	 0
FRMPD4 	 0
FRRS1 	 0
FRS2 	 0
FRS3 	 0
FRY 	 22
FRYL 	 0
FRZB 	 0
FSCB 	 0
FSCN1 	 0
FSCN2 	 0
FSCN3 	 0
FSD1 	 0
FSD1L 	 132
FSD2 	 0
FSHB 	 0
FSHR 	 0
FSIP1 	 0
FSIP2 	 0
FST 	 0
FSTL1 	 0
FSTL3 	 0
FSTL4 	 0
FSTL5 	 2
FTCD 	 0
FTH1 	 12
FTH1P3 	 0
FTHL17 	 0
FTL 	 405
FTLP10 	 0
FTMT 	 0
FTO 	 34
FTSJ1 	 0
FTSJ2 	 0
FTSJ3 	 0
FTSJD1 	 0
FTSJD2 	 0
FTX 	 0
FUBP1 	 190
FUBP3 	 0
FUCA1 	 0
FUCA2 	 0
FUK 	 0
FUNDC1 	 0
FUNDC2 	 0
FUNDC2P2 	 0
FURIN 	 0
FUS 	 0
FUT1 	 0
FUT10 	 0
FUT11 	 0
FUT2 	 0
FUT3 	 0
FUT4 	 0
FUT5 	 0
FUT6 	 0
FUT7 	 0
FUT8 	 0
FUT9 	 0
FUZ 	 0
FXC1 	 0
FXN 	 0
FXR1 	 0
FXR2 	 0
FXYD1 	 0
FXYD2 	 0
FXYD3 	 0
FXYD4 	 0
FXYD5 	 0
FXYD6 	 180
FXYD6-FXYD2 	 0
FXYD7 	 0
FYB 	 0
FYCO1 	 0
FYN 	 0
FYTTD1 	 1
FZD1 	 0
FZD10 	 0
FZD2 	 0
FZD3 	 0
FZD4 	 0
FZD5 	 0
FZD6 	 0
FZD7 	 0
FZD8 	 0
FZD9 	 0
FZR1 	 0
G0S2 	 0
G2E3 	 0
G3BP1 	 3
G3BP2 	 0
G6PC 	 0
G6PC2 	 0
G6PC3 	 0
G6PD 	 0
GAA 	 0
GAB1 	 0
GAB2 	 0
GAB3 	 0
GAB4 	 0
GABARAP 	 81
GABARAPL1 	 0
GABARAPL2 	 59
GABARAPL3 	 0
GABBR1 	 0
GABBR2 	 0
GABPA 	 0
GABPB1 	 0
GABPB2 	 0
GABRA1 	 0
GABRA2 	 0
GABRA3 	 0
GABRA4 	 0
GABRA5 	 0
GABRA6 	 0
GABRB1 	 0
GABRB2 	 348
GABRB3 	 19
GABRD 	 0
GABRE 	 0
GABRG1 	 0
GABRG2 	 0
GABRG3 	 0
GABRP 	 0
GABRQ 	 0
GABRR1 	 0
GABRR2 	 0
GABRR3 	 0
GAD1 	 0
GAD2 	 0
GADD45A 	 0
GADD45B 	 0
GADD45G 	 0
GADD45GIP1 	 0
GADL1 	 0
GAGE1 	 0
GAGE10 	 0
GAK 	 0
GAL 	 0
GAL3ST1 	 0
GAL3ST2 	 0
GAL3ST3 	 0
GAL3ST4 	 0
GALC 	 0
GALE 	 0
GALK1 	 0
GALK2 	 0
GALM 	 0
GALNS 	 0
GALNT1 	 0
GALNT10 	 0
GALNT11 	 0
GALNT12 	 0
GALNT13 	 1075
GALNT14 	 0
GALNT2 	 0
GALNT3 	 0
GALNT4 	 0
GALNT5 	 0
GALNT6 	 0
GALNT7 	 0
GALNT8 	 0
GALNT9 	 0
GALNTL1 	 0
GALNTL2 	 0
GALNTL4 	 0
GALNTL5 	 0
GALNTL6 	 0
GALP 	 0
GALR1 	 0
GALR2 	 0
GALR3 	 0
GALT 	 0
GAMT 	 0
GAN 	 0
GANAB 	 3
GANC 	 0
GAP43 	 13
GAPDH 	 50
GAPDHS 	 0
GAPT 	 0
GAPVD1 	 0
GAR1 	 0
GARNL3 	 46
GARS 	 0
GART 	 0
GAS1 	 0
GAS2 	 0
GAS2L1 	 0
GAS2L2 	 0
GAS2L3 	 0
GAS5 	 0
GAS6 	 0
GAS7 	 0
GAS8 	 0
GAST 	 0
GATA1 	 0
GATA2 	 0
GATA3 	 0
GATA4 	 0
GATA5 	 0
GATA6 	 0
GATAD1 	 0
GATAD2A 	 8
GATAD2B 	 0
GATC 	 0
GATM 	 0
GATS 	 0
GATSL1 	 0
GATSL2 	 0
GATSL3 	 0
GBA 	 0
GBA2 	 0
GBA3 	 0
GBAP1 	 0
GBAS 	 0
GBE1 	 0
GBF1 	 0
GBGT1 	 0
GBP1 	 0
GBP1P1 	 0
GBP2 	 0
GBP3 	 0
GBP4 	 0
GBP5 	 0
GBP6 	 0
GBP7 	 0
GBX1 	 0
GBX2 	 0
GC 	 0
GCA 	 0
GCAT 	 0
GCC1 	 0
GCC2 	 0
GCDH 	 0
GCET2 	 0
GCFC1 	 0
GCFC1-AS1 	 0
GCFC2 	 0
GCG 	 0
GCGR 	 0
GCH1 	 0
GCHFR 	 0
GCK 	 0
GCKR 	 0
GCLC 	 0
GCLM 	 0
GCM1 	 0
GCM2 	 0
GCN1L1 	 0
GCNT1 	 0
GCNT2 	 0
GCNT3 	 0
GCNT4 	 0
GCNT7 	 0
GCOM1 	 0
GCSH 	 0
GDA 	 0
GDAP1 	 1094
GDAP1L1 	 0
GDAP2 	 0
GDE1 	 0
GDEP 	 0
GDF10 	 0
GDF11 	 0
GDF15 	 0
GDF2 	 0
GDF3 	 0
GDF5 	 0
GDF6 	 0
GDF7 	 0
GDF9 	 0
GDI1 	 17
GDI2 	 19
GDNF 	 0
GDPD1 	 0
GDPD2 	 0
GDPD3 	 0
GDPD4 	 0
GDPD5 	 0
GEM 	 0
GEMIN2 	 0
GEMIN4 	 0
GEMIN5 	 0
GEMIN6 	 0
GEMIN7 	 0
GEMIN8 	 0
GEMIN8P4 	 0
GEN1 	 0
GET4 	 0
GFAP 	 0
GFER 	 0
GFI1 	 0
GFI1B 	 0
GFM1 	 0
GFM2 	 0
GFOD1 	 0
GFOD2 	 27
GFPT1 	 1
GFPT2 	 0
GFRA1 	 0
GFRA2 	 0
GFRA3 	 0
GFRA4 	 0
GFRAL 	 0
GGA1 	 0
GGA2 	 0
GGA3 	 0
GGCT 	 0
GGCX 	 0
GGH 	 0
GGN 	 0
GGNBP1 	 0
GGNBP2 	 0
GGPS1 	 14
GGT1 	 0
GGT3P 	 0
GGT5 	 0
GGT6 	 0
GGT7 	 0
GGT8P 	 0
GGTA1P 	 0
GGTLC1 	 0
GGTLC2 	 0
GH1 	 0
GHDC 	 0
GHITM 	 620
GHR 	 0
GHRH 	 0
GHRHR 	 0
GHRL 	 0
GHRLOS 	 0
GHRLOS2 	 0
GHSR 	 0
GIF 	 0
GIGYF1 	 0
GIGYF2 	 0
GIMAP1 	 0
GIMAP2 	 0
GIMAP4 	 0
GIMAP5 	 0
GIMAP6 	 0
GIMAP7 	 0
GIMAP8 	 0
GIN1 	 0
GINS1 	 0
GINS2 	 0
GINS3 	 0
GINS4 	 0
GIP 	 0
GIPC1 	 0
GIPC2 	 0
GIPC3 	 0
GIPR 	 0
GIT1 	 0
GIT2 	 1
GJA1 	 0
GJA10 	 0
GJA3 	 0
GJA4 	 0
GJA5 	 0
GJA8 	 0
GJA9-MYCBP 	 0
GJB1 	 0
GJB2 	 0
GJB3 	 0
GJB4 	 0
GJB5 	 0
GJB6 	 0
GJB7 	 0
GJC1 	 0
GJC2 	 0
GJC3 	 0
GJD2 	 0
GJD3 	 0
GJD4 	 0
GK 	 0
GK2 	 0
GK3P 	 0
GK5 	 0
GKAP1 	 0
GKN1 	 0
GKN2 	 0
GLA 	 0
GLB1 	 0
GLB1L 	 0
GLB1L2 	 0
GLB1L3 	 0
GLCCI1 	 0
GLCE 	 0
GLDC 	 0
GLDN 	 0
GLE1 	 0
GLG1 	 0
GLI1 	 0
GLI2 	 0
GLI3 	 0
GLI4 	 0
GLIPR1 	 0
GLIPR1L1 	 0
GLIPR1L2 	 0
GLIPR2 	 0
GLIS1 	 0
GLIS2 	 0
GLIS3 	 0
GLIS3-AS1 	 0
GLMN 	 0
GLO1 	 0
GLOD4 	 0
GLOD5 	 0
GLP1R 	 0
GLP2R 	 0
GLRA1 	 0
GLRA2 	 49
GLRA3 	 0
GLRA4 	 0
GLRB 	 0
GLRX 	 0
GLRX2 	 0
GLRX3 	 0
GLRX5 	 0
GLS 	 0
GLS2 	 0
GLT1D1 	 0
GLT25D1 	 0
GLT25D2 	 0
GLT6D1 	 0
GLT8D1 	 1
GLT8D2 	 0
GLTP 	 0
GLTPD1 	 0
GLTPD2 	 0
GLTSCR1 	 0
GLTSCR2 	 0
GLUD1 	 0
GLUD2 	 0
GLUL 	 79
GLYAT 	 0
GLYATL1 	 0
GLYATL2 	 0
GLYATL3 	 0
GLYCAM1 	 0
GLYCTK 	 0
GLYR1 	 0
GM140 	 0
GM2A 	 0
GMCL1 	 0
GMCL1P1 	 0
GMDS 	 0
GMEB1 	 0
GMEB2 	 0
GMFB 	 0
GMFG 	 0
GMIP 	 0
GML 	 0
GMNC 	 0
GMNN 	 0
GMPPA 	 0
GMPPB 	 0
GMPR 	 0
GMPR2 	 0
GMPS 	 0
GNA11 	 0
GNA12 	 0
GNA13 	 32
GNA14 	 0
GNA15 	 0
GNAI1 	 0
GNAI2 	 0
GNAI3 	 1
GNAL 	 0
GNAO1 	 0
GNAQ 	 0
GNAS 	 151
GNAS-AS1 	 0
GNAT1 	 0
GNAT2 	 0
GNAT3 	 0
GNAZ 	 0
GNB1 	 213
GNB1L 	 0
GNB2 	 0
GNB2L1 	 0
GNB3 	 0
GNB4 	 0
GNB5 	 0
GNE 	 0
GNG10 	 0
GNG11 	 0
GNG12 	 0
GNG13 	 0
GNG2 	 0
GNG3 	 0
GNG4 	 0
GNG5 	 0
GNG7 	 0
GNG8 	 0
GNGT1 	 0
GNGT2 	 0
GNL2 	 0
GNL3 	 47
GNL3L 	 0
GNLY 	 0
GNMT 	 0
GNN 	 0
GNPAT 	 0
GNPDA1 	 0
GNPDA2 	 0
GNPNAT1 	 0
GNPTAB 	 389
GNPTG 	 0
GNRH1 	 0
GNRH2 	 0
GNRHR 	 0
GNRHR2 	 0
GNS 	 1
GOLGA1 	 0
GOLGA2 	 0
GOLGA2P5 	 0
GOLGA3 	 0
GOLGA4 	 0
GOLGA5 	 0
GOLGA6A 	 0
GOLGA6B 	 0
GOLGA6C 	 0
GOLGA6D 	 0
GOLGA6L1 	 0
GOLGA6L10 	 0
GOLGA6L5 	 0
GOLGA6L6 	 0
GOLGA6L9 	 0
GOLGA7 	 16
GOLGA7B 	 0
GOLGA8A 	 0
GOLGA8B 	 0
GOLGA8C 	 0
GOLGA8DP 	 0
GOLGA8E 	 0
GOLGA8G 	 0
GOLGA8IP 	 0
GOLGB1 	 0
GOLIM4 	 0
GOLM1 	 0
GOLPH3 	 0
GOLPH3L 	 0
GOLT1A 	 0
GOLT1B 	 964
GON4L 	 0
GOPC 	 0
GORAB 	 0
GORASP1 	 0
GORASP2 	 0
GOSR1 	 0
GOSR2 	 0
GOT1 	 0
GOT1L1 	 0
GOT2 	 0
GP1BA 	 0
GP2 	 0
GP5 	 0
GP6 	 0
GP9 	 0
GPA33 	 0
GPAA1 	 0
GPAM 	 49
GPANK1 	 0
GPAT2 	 0
GPATCH1 	 0
GPATCH2 	 0
GPATCH3 	 0
GPATCH4 	 0
GPATCH8 	 0
GPBAR1 	 0
GPBP1 	 44
GPBP1L1 	 0
GPC1 	 0
GPC2 	 0
GPC3 	 0
GPC4 	 0
GPC5 	 0
GPC6 	 0
GPCPD1 	 0
GPCRLTM7 	 0
GPD1 	 0
GPD1L 	 0
GPD2 	 0
GPER 	 0
GPHA2 	 0
GPHB5 	 0
GPHN 	 2
GPI 	 89
GPIHBP1 	 0
GPKOW 	 0
GPLD1 	 0
GPM6A 	 1782
GPM6B 	 0
GPN1 	 0
GPN2 	 0
GPN3 	 0
GPNMB 	 0
GPR1 	 0
GPR101 	 0
GPR107 	 0
GPR108 	 0
GPR110 	 0
GPR111 	 0
GPR112 	 0
GPR113 	 0
GPR114 	 0
GPR115 	 0
GPR116 	 0
GPR119 	 0
GPR12 	 0
GPR123 	 0
GPR124 	 0
GPR125 	 0
GPR126 	 0
GPR128 	 0
GPR132 	 0
GPR133 	 0
GPR135 	 0
GPR137 	 0
GPR137B 	 0
GPR137C 	 26
GPR139 	 0
GPR141 	 0
GPR142 	 0
GPR143 	 0
GPR144 	 0
GPR146 	 0
GPR148 	 0
GPR149 	 0
GPR15 	 0
GPR150 	 0
GPR151 	 0
GPR152 	 0
GPR153 	 0
GPR155 	 0
GPR156 	 0
GPR157 	 0
GPR158 	 0
GPR160 	 0
GPR161 	 0
GPR162 	 0
GPR17 	 0
GPR171 	 0
GPR172A 	 0
GPR172B 	 0
GPR173 	 0
GPR174 	 0
GPR176 	 0
GPR179 	 0
GPR18 	 0
GPR180 	 1
GPR182 	 0
GPR183 	 0
GPR19 	 0
GPR20 	 0
GPR21 	 0
GPR22 	 1
GPR25 	 0
GPR26 	 0
GPR27 	 0
GPR3 	 0
GPR31 	 0
GPR32 	 0
GPR33 	 0
GPR34 	 0
GPR35 	 0
GPR37 	 0
GPR37L1 	 0
GPR39 	 0
GPR4 	 0
GPR45 	 0
GPR50 	 0
GPR52 	 0
GPR55 	 0
GPR56 	 0
GPR6 	 0
GPR61 	 0
GPR62 	 0
GPR63 	 0
GPR64 	 0
GPR65 	 0
GPR68 	 0
GPR75 	 0
GPR75-ASB3 	 0
GPR77 	 0
GPR78 	 0
GPR82 	 0
GPR83 	 0
GPR84 	 0
GPR85 	 71
GPR87 	 0
GPR88 	 0
GPR89A 	 7
GPR89B 	 0
GPR97 	 0
GPR98 	 0
GPRASP1 	 0
GPRASP2 	 0
GPRC5A 	 0
GPRC5B 	 0
GPRC5C 	 0
GPRC5D 	 0
GPRC6A 	 0
GPRIN1 	 0
GPRIN2 	 0
GPRIN3 	 0
GPS1 	 0
GPS2 	 0
GPSM1 	 0
GPSM2 	 0
GPSM3 	 0
GPT 	 0
GPT2 	 0
GPX1 	 0
GPX2 	 0
GPX3 	 0
GPX4 	 0
GPX6 	 0
GPX7 	 0
GPX8 	 0
GRAMD1A 	 0
GRAMD1B 	 1
GRAMD1C 	 0
GRAMD2 	 0
GRAMD3 	 0
GRAMD4 	 0
GRAP 	 0
GRAP2 	 0
GRASP 	 0
GRB10 	 0
GRB14 	 0
GRB2 	 171
GRB7 	 0
GREB1 	 0
GREB1L 	 0
GREM1 	 0
GREM2 	 0
GRHL1 	 0
GRHL2 	 0
GRHL3 	 0
GRHPR 	 0
GRIA1 	 19
GRIA2 	 801
GRIA3 	 0
GRIA4 	 0
GRID1 	 0
GRID2 	 0
GRID2IP 	 0
GRIK1 	 0
GRIK1-AS1 	 0
GRIK1-AS2 	 0
GRIK2 	 0
GRIK3 	 0
GRIK4 	 0
GRIK5 	 0
GRIN1 	 0
GRIN2A 	 0
GRIN2B 	 0
GRIN2C 	 0
GRIN2D 	 0
GRIN3A 	 0
GRIN3B 	 0
GRINA 	 0
GRIP1 	 0
GRIP2 	 0
GRIPAP1 	 0
GRK1 	 0
GRK4 	 0
GRK5 	 0
GRK6 	 0
GRK7 	 0
GRM1 	 0
GRM2 	 0
GRM3 	 0
GRM4 	 0
GRM5 	 0
GRM6 	 0
GRM7 	 0
GRM8 	 0
GRN 	 0
GRP 	 0
GRPEL1 	 4
GRPEL2 	 0
GRPR 	 0
GRSF1 	 0
GRTP1 	 0
GRWD1 	 0
GRXCR1 	 0
GRXCR2 	 0
GSC 	 0
GSC2 	 0
GSDMA 	 0
GSDMB 	 82
GSDMC 	 0
GSDMD 	 0
GSG1 	 0
GSG1L 	 0
GSG2 	 0
GSK3A 	 0
GSK3B 	 0
GSN 	 0
GSPT1 	 0
GSPT2 	 0
GSR 	 0
GSS 	 0
GSTA1 	 0
GSTA2 	 0
GSTA4 	 0
GSTA5 	 0
GSTA7P 	 0
GSTCD 	 0
GSTK1 	 0
GSTM1 	 0
GSTM2 	 0
GSTM2P1 	 0
GSTM3 	 0
GSTM4 	 0
GSTM5 	 0
GSTO1 	 0
GSTO2 	 0
GSTP1 	 0
GSTT1 	 0
GSTT2 	 0
GSTTP1 	 0
GSTTP2 	 0
GSTZ1 	 0
GSX2 	 0
GTDC1 	 0
GTF2A1 	 0
GTF2A2 	 0
GTF2B 	 211
GTF2E1 	 0
GTF2E2 	 0
GTF2F1 	 0
GTF2F2 	 0
GTF2H1 	 0
GTF2H2 	 0
GTF2H2B 	 0
GTF2H2C 	 0
GTF2H2D 	 0
GTF2H3 	 0
GTF2H4 	 0
GTF2H5 	 0
GTF2I 	 1
GTF2IP1 	 0
GTF2IRD1 	 0
GTF2IRD2 	 0
GTF2IRD2B 	 0
GTF2IRD2P1 	 0
GTF3A 	 0
GTF3C1 	 0
GTF3C2 	 0
GTF3C3 	 0
GTF3C4 	 1
GTF3C5 	 0
GTF3C6 	 2
GTPBP1 	 0
GTPBP10 	 0
GTPBP2 	 0
GTPBP3 	 0
GTPBP4 	 0
GTPBP5 	 0
GTPBP6 	 0
GTPBP8 	 0
GTSE1 	 0
GTSF1 	 0
GTSF1L 	 0
GUCA1A 	 0
GUCA1B 	 0
GUCA1C 	 0
GUCA2A 	 0
GUCA2B 	 0
GUCY1A2 	 136
GUCY1A3 	 18
GUCY1B2 	 0
GUCY1B3 	 0
GUCY2C 	 0
GUCY2D 	 0
GUCY2E 	 0
GUCY2F 	 0
GUCY2GP 	 0
GUF1 	 0
GUK1 	 0
GULP1 	 0
GUSB 	 0
GUSBP1 	 0
GUSBP10 	 0
GUSBP11 	 0
GUSBP2 	 0
GUSBP3 	 0
GUSBP4 	 0
GUSBP5 	 0
GUSBP9 	 0
GVINP1 	 0
GXYLT1 	 0
GXYLT2 	 0
GYG1 	 0
GYG2 	 0
GYG2P1 	 0
GYLTL1B 	 0
GYPA 	 0
GYPB 	 0
GYPC 	 0
GYPE 	 0
GYS1 	 0
GYS2 	 0
GZF1 	 0
GZMA 	 0
GZMB 	 0
GZMH 	 0
GZMK 	 0
H19 	 0
H1F0 	 0
H1FNT 	 0
H1FOO 	 0
H1FX 	 0
H1FX-AS1 	 0
H2AFJ 	 0
H2AFV 	 0
H2AFX 	 0
H2AFY 	 0
H2AFY2 	 0
H2AFZ 	 0
H2BFM 	 0
H2BFXP 	 0
H3F3A 	 0
H3F3B 	 1411
H3F3C 	 5
H6PD 	 0
HAAO 	 0
HABP2 	 0
HABP4 	 0
HACE1 	 0
HACL1 	 0
HADH 	 6
HADHA 	 1
HADHB 	 0
HAGH 	 0
HAGHL 	 0
HAL 	 0
HAMP 	 0
HAND1 	 0
HAND2 	 0
HAO1 	 0
HAO2 	 0
HAP1 	 0
HAPLN1 	 0
HAPLN2 	 0
HAPLN3 	 0
HAPLN4 	 0
HAR1A 	 0
HAR1B 	 0
HARBI1 	 0
HARS 	 0
HARS2 	 0
HAS1 	 0
HAS2 	 0
HAS2-AS1 	 0
HAS3 	 0
HAT1 	 0
HAUS1 	 0
HAUS2 	 0
HAUS3 	 0
HAUS4 	 0
HAUS5 	 0
HAUS6 	 0
HAUS7 	 0
HAUS8 	 0
HAVCR1 	 0
HAVCR2 	 0
HAX1 	 0
HBA1 	 0
HBA2 	 0
HBB 	 0
HBBP1 	 0
HBD 	 0
HBE1 	 0
HBEGF 	 0
HBG1 	 0
HBG2 	 0
HBM 	 0
HBP1 	 10
HBQ1 	 0
HBS1L 	 25
HBXIP 	 23
HBZ 	 0
HCAR1 	 0
HCAR2 	 0
HCAR3 	 0
HCCS 	 0
HCFC1 	 11
HCFC1R1 	 0
HCFC2 	 0
HCG11 	 0
HCG18 	 0
HCG22 	 0
HCG23 	 0
HCG26 	 0
HCG27 	 0
HCG4B 	 0
HCK 	 0
HCLS1 	 0
HCN1 	 0
HCN2 	 0
HCN3 	 0
HCN4 	 0
HCP5 	 0
HCRT 	 0
HCRTR1 	 0
HCRTR2 	 0
HCST 	 0
HDAC1 	 0
HDAC10 	 0
HDAC11 	 0
HDAC2 	 0
HDAC3 	 0
HDAC4 	 0
HDAC5 	 0
HDAC6 	 0
HDAC7 	 1
HDAC8 	 0
HDAC9 	 0
HDC 	 0
HDDC2 	 0
HDDC3 	 0
HDGF 	 0
HDGFL1 	 0
HDGFRP2 	 0
HDGFRP3 	 0
HDHD1 	 0
HDHD2 	 0
HDHD3 	 0
HDLBP 	 12
HDX 	 0
HEATR1 	 0
HEATR2 	 0
HEATR3 	 0
HEATR4 	 0
HEATR5A 	 0
HEATR5B 	 0
HEATR6 	 0
HEATR7A 	 0
HEATR7B2 	 0
HEATR8 	 0
HEATR8-TTC4 	 0
HEBP1 	 0
HEBP2 	 0
HECA 	 0
HECTD1 	 5
HECTD2 	 0
HECTD3 	 0
HECW1 	 0
HECW2 	 0
HEG1 	 0
HELB 	 0
HELLS 	 0
HELQ 	 0
HELT 	 0
HELZ 	 0
HEMGN 	 0
HEMK1 	 0
HENMT1 	 0
HEPACAM 	 0
HEPACAM2 	 0
HEPH 	 0
HEPHL1 	 0
HERC1 	 25
HERC2 	 1
HERC2P2 	 0
HERC2P3 	 0
HERC2P4 	 0
HERC2P7 	 0
HERC2P9 	 0
HERC3 	 65
HERC4 	 0
HERC5 	 0
HERC6 	 0
HERPUD1 	 0
HERPUD2 	 0
HES1 	 0
HES2 	 0
HES4 	 0
HES5 	 0
HES6 	 0
HES7 	 0
HESX1 	 0
HEXA 	 0
HEXB 	 0
HEXDC 	 0
HEXIM1 	 1
HEXIM2 	 0
HEY1 	 0
HEY2 	 0
HEYL 	 0
HFE 	 0
HFE2 	 0
HFM1 	 0
HGC6.3 	 0
HGD 	 0
HGF 	 0
HGFAC 	 0
HGS 	 0
HGSNAT 	 0
HHAT 	 0
HHATL 	 0
HHEX 	 0
HHIP 	 0
HHIPL1 	 0
HHIPL2 	 0
HHLA1 	 0
HHLA2 	 0
HHLA3 	 0
HIAT1 	 0
HIATL1 	 0
HIATL2 	 7
HIBADH 	 0
HIBCH 	 0
HIC1 	 0
HIC2 	 155
HIF1A 	 114
HIF1A-AS2 	 0
HIF1AN 	 0
HIF3A 	 0
HIGD1A 	 245
HIGD1B 	 0
HIGD1C 	 0
HIGD2A 	 0
HIGD2B 	 0
HILPDA 	 0
HILS1 	 0
HINFP 	 0
HINT1 	 27
HINT2 	 0
HINT3 	 0
HIP1 	 1
HIP1R 	 0
HIPK1 	 0
HIPK2 	 0
HIPK3 	 0
HIPK4 	 0
HIRA 	 0
HIRIP3 	 0
HIST1H1A 	 0
HIST1H1B 	 0
HIST1H1C 	 0
HIST1H1D 	 0
HIST1H1E 	 0
HIST1H1T 	 0
HIST1H2AB 	 0
HIST1H2AC 	 0
HIST1H2AD 	 0
HIST1H2AE 	 0
HIST1H2AG 	 0
HIST1H2AH 	 0
HIST1H2AI 	 0
HIST1H2AJ 	 0
HIST1H2AK 	 0
HIST1H2AL 	 0
HIST1H2AM 	 0
HIST1H2APS1 	 0
HIST1H2BA 	 0
HIST1H2BB 	 0
HIST1H2BC 	 0
HIST1H2BD 	 0
HIST1H2BE 	 0
HIST1H2BF 	 0
HIST1H2BG 	 0
HIST1H2BH 	 0
HIST1H2BI 	 0
HIST1H2BJ 	 0
HIST1H2BK 	 0
HIST1H2BL 	 0
HIST1H2BM 	 0
HIST1H2BN 	 0
HIST1H2BO 	 0
HIST1H3A 	 0
HIST1H3B 	 0
HIST1H3C 	 0
HIST1H3D 	 0
HIST1H3E 	 0
HIST1H3F 	 0
HIST1H3G 	 0
HIST1H3H 	 0
HIST1H3I 	 0
HIST1H3J 	 0
HIST1H4A 	 0
HIST1H4B 	 0
HIST1H4C 	 78
HIST1H4D 	 0
HIST1H4E 	 0
HIST1H4F 	 0
HIST1H4G 	 0
HIST1H4H 	 0
HIST1H4I 	 0
HIST1H4J 	 0
HIST1H4K 	 0
HIST1H4L 	 0
HIST2H2AB 	 0
HIST2H2AC 	 0
HIST2H2BA 	 0
HIST2H2BC 	 0
HIST2H2BE 	 0
HIST2H2BF 	 0
HIST2H3D 	 0
HIST3H2A 	 0
HIST3H2BB 	 0
HIST3H3 	 0
HIST4H4 	 0
HIVEP1 	 0
HIVEP2 	 206
HIVEP3 	 0
HJURP 	 0
HK1 	 106
HK2 	 0
HK3 	 0
HKDC1 	 0
HKR1 	 0
HLA-A 	 0
HLA-B 	 0
HLA-C 	 0
HLA-DMA 	 0
HLA-DMB 	 0
HLA-DOA 	 0
HLA-DOB 	 0
HLA-DPB1 	 0
HLA-DQA1 	 0
HLA-DQA2 	 0
HLA-DQB1 	 0
HLA-DQB2 	 0
HLA-DRA 	 0
HLA-DRB1 	 0
HLA-DRB3 	 0
HLA-DRB4 	 0
HLA-DRB5 	 0
HLA-DRB6 	 0
HLA-E 	 0
HLA-F 	 0
HLA-F-AS1 	 0
HLA-G 	 0
HLA-H 	 0
HLA-J 	 0
HLA-L 	 0
HLCS 	 0
HLF 	 0
HLTF 	 0
HLX 	 0
HM13 	 0
HMBOX1 	 0
HMBS 	 0
HMCN1 	 0
HMG20A 	 0
HMG20B 	 0
HMGA1 	 0
HMGA1P7 	 0
HMGA2 	 0
HMGB1 	 25
HMGB2 	 0
HMGB3 	 0
HMGB3P1 	 0
HMGB4 	 0
HMGCL 	 0
HMGCLL1 	 0
HMGCR 	 776
HMGCS1 	 654
HMGCS2 	 0
HMGN1 	 0
HMGN2 	 1
HMGN2P46 	 0
HMGN3 	 0
HMGN4 	 1
HMGN5 	 0
HMGXB3 	 0
HMGXB4 	 5
HMHA1 	 0
HMHB1 	 0
HMMR 	 0
HMOX1 	 0
HMOX2 	 0
HMP19 	 124
HMSD 	 0
HMX1 	 0
HMX2 	 0
HMX3 	 0
HN1 	 803
HN1L 	 0
HNF1A 	 0
HNF1A-AS1 	 0
HNF1B 	 0
HNF4A 	 0
HNF4G 	 0
HNMT 	 0
HNRNPA0 	 556
HNRNPA1 	 0
HNRNPA1L2 	 0
HNRNPA2B1 	 7
HNRNPA3 	 1
HNRNPA3P1 	 0
HNRNPAB 	 24
HNRNPC 	 22
HNRNPCL1 	 0
HNRNPD 	 0
HNRNPF 	 0
HNRNPH1 	 2713
HNRNPH2 	 0
HNRNPH3 	 23
HNRNPK 	 489
HNRNPKP3 	 0
HNRNPL 	 52
HNRNPM 	 0
HNRNPR 	 263
HNRNPU 	 70
HNRNPU-AS1 	 0
HNRNPUL1 	 0
HNRNPUL2 	 0
HNRPDL 	 38
HNRPLL 	 0
HOGA1 	 0
HOMER1 	 0
HOMER2 	 0
HOMER3 	 0
HOMEZ 	 0
HOOK1 	 0
HOOK2 	 0
HOOK3 	 256
HOPX 	 0
HORMAD1 	 0
HORMAD2 	 0
HOTAIR 	 0
HOTAIRM1 	 0
HOTTIP 	 0
HOXA-AS3 	 0
HOXA-AS5 	 0
HOXA1 	 0
HOXA10 	 0
HOXA11 	 0
HOXA13 	 0
HOXA2 	 0
HOXA3 	 0
HOXA4 	 0
HOXA5 	 0
HOXA6 	 0
HOXA7 	 0
HOXA9 	 0
HOXB-AS3 	 0
HOXB13 	 0
HOXB2 	 0
HOXB3 	 0
HOXB4 	 0
HOXB5 	 0
HOXB6 	 0
HOXB7 	 0
HOXB8 	 0
HOXB9 	 0
HOXC10 	 0
HOXC11 	 0
HOXC13 	 0
HOXC4 	 0
HOXC5 	 0
HOXC6 	 0
HOXC8 	 0
HOXC9 	 0
HOXD-AS1 	 0
HOXD-AS2 	 0
HOXD1 	 0
HOXD10 	 0
HOXD11 	 0
HOXD13 	 0
HOXD3 	 0
HOXD4 	 0
HOXD8 	 0
HOXD9 	 0
HP 	 0
HP07349 	 0
HP1BP3 	 591
HPCA 	 0
HPCAL1 	 0
HPCAL4 	 0
HPD 	 0
HPDL 	 0
HPGD 	 0
HPGDS 	 0
HPN 	 0
HPR 	 0
HPRT1 	 4
HPS1 	 0
HPS3 	 0
HPS4 	 0
HPS5 	 0
HPS6 	 0
HPSE 	 0
HPSE2 	 0
HPVC1 	 0
HPX 	 0
HPYR1 	 0
HR 	 0
HRAS 	 0
HRASLS 	 0
HRASLS2 	 0
HRASLS5 	 0
HRC 	 0
HRCT1 	 0
HRG 	 0
HRH1 	 0
HRH2 	 0
HRH3 	 0
HRH4 	 0
HRK 	 0
HRNR 	 0
HRSP12 	 0
HS1BP3 	 0
HS2ST1 	 0
HS3ST1 	 0
HS3ST2 	 0
HS3ST3A1 	 0
HS3ST3B1 	 0
HS3ST4 	 0
HS3ST5 	 0
HS3ST6 	 0
HS6ST1 	 0
HS6ST2 	 0
HS6ST3 	 0
HSBP1 	 117
HSBP1L1 	 0
HSCB 	 0
HSD11B1 	 0
HSD11B1L 	 0
HSD11B2 	 0
HSD17B1 	 0
HSD17B10 	 0
HSD17B11 	 0
HSD17B12 	 0
HSD17B13 	 0
HSD17B14 	 0
HSD17B2 	 0
HSD17B3 	 0
HSD17B4 	 0
HSD17B6 	 0
HSD17B7 	 0
HSD17B7P2 	 0
HSD17B8 	 0
HSD3B1 	 0
HSD3B2 	 0
HSD3B7 	 0
HSD3BP4 	 0
HSD52 	 0
HSDL1 	 0
HSDL2 	 0
HSF1 	 0
HSF2 	 0
HSF2BP 	 0
HSF4 	 0
HSF5 	 0
HSFY1P1 	 0
HSH2D 	 0
HSP90AA1 	 1624
HSP90AA4P 	 0
HSP90AA6P 	 0
HSP90AB1 	 7
HSP90AB2P 	 0
HSP90AB3P 	 0
HSP90AB4P 	 0
HSP90B1 	 0
HSP90B3P 	 0
HSPA12A 	 0
HSPA12B 	 0
HSPA13 	 0
HSPA14 	 0
HSPA1A 	 0
HSPA1B 	 0
HSPA1L 	 0
HSPA2 	 0
HSPA4 	 0
HSPA4L 	 0
HSPA5 	 0
HSPA6 	 0
HSPA7 	 0
HSPA8 	 1
HSPA9 	 39
HSPB1 	 0
HSPB11 	 0
HSPB2 	 0
HSPB2-C11orf52 	 0
HSPB3 	 0
HSPB6 	 0
HSPB7 	 0
HSPB8 	 0
HSPB9 	 0
HSPBAP1 	 0
HSPBP1 	 0
HSPC072 	 0
HSPD1 	 277
HSPE1 	 40
HSPE1-MOB4 	 0
HSPG2 	 0
HSPH1 	 204
HTA 	 0
HTATIP2 	 0
HTATSF1 	 705
HTN1 	 0
HTN3 	 0
HTR1A 	 0
HTR1B 	 0
HTR1D 	 0
HTR1E 	 0
HTR1F 	 0
HTR2A 	 0
HTR2B 	 0
HTR2C 	 0
HTR3A 	 0
HTR3B 	 0
HTR3C 	 0
HTR3D 	 0
HTR3E 	 0
HTR4 	 0
HTR5A 	 0
HTR6 	 0
HTR7 	 0
HTR7P1 	 0
HTRA1 	 0
HTRA2 	 0
HTRA3 	 0
HTRA4 	 0
HTT 	 0
HTT-AS1 	 0
HULC 	 0
HUNK 	 0
HUS1 	 0
HUS1B 	 0
HUWE1 	 571
HVCN1 	 0
HYAL1 	 0
HYAL2 	 0
HYAL3 	 0
HYAL4 	 0
HYALP1 	 0
HYDIN 	 0
HYLS1 	 0
HYMAI 	 0
HYOU1 	 0
IAH1 	 0
IAPP 	 0
IARS 	 121
IARS2 	 0
IBA57 	 0
IBSP 	 0
IBTK 	 0
ICA1 	 0
ICA1L 	 3
ICAM1 	 0
ICAM2 	 0
ICAM3 	 0
ICAM4 	 0
ICAM5 	 0
ICK 	 0
ICMT 	 0
ICOS 	 0
ICOSLG 	 0
ICT1 	 0
ID1 	 0
ID2 	 1
ID2B 	 0
ID3 	 0
ID4 	 0
IDAS 	 0
IDE 	 0
IDH1 	 191
IDH2 	 0
IDH3A 	 0
IDH3B 	 0
IDH3G 	 0
IDI1 	 82
IDI2 	 12
IDI2-AS1 	 0
IDO1 	 0
IDO2 	 0
IDS 	 0
IDUA 	 0
IER2 	 0
IER3 	 0
IER3IP1 	 5
IER5 	 0
IER5L 	 0
IFFO1 	 0
IFFO2 	 0
IFI16 	 0
IFI27 	 0
IFI27L1 	 0
IFI27L2 	 0
IFI30 	 0
IFI35 	 0
IFI44 	 0
IFI44L 	 0
IFI6 	 0
IFIH1 	 0
IFIT1 	 0
IFIT1B 	 0
IFIT2 	 0
IFIT3 	 0
IFIT5 	 0
IFITM1 	 0
IFITM10 	 0
IFITM2 	 0
IFITM3 	 0
IFITM5 	 0
IFLTD1 	 0
IFNA1 	 0
IFNA10 	 0
IFNA13 	 0
IFNA14 	 0
IFNA17 	 0
IFNA2 	 0
IFNA21 	 0
IFNA22P 	 0
IFNA4 	 0
IFNA5 	 0
IFNA6 	 0
IFNA8 	 0
IFNAR1 	 0
IFNAR2 	 0
IFNB1 	 0
IFNE 	 0
IFNG 	 0
IFNGR1 	 0
IFNGR2 	 0
IFNK 	 0
IFNW1 	 0
IFRD1 	 1
IFRD2 	 0
IFT122 	 0
IFT140 	 0
IFT172 	 0
IFT20 	 0
IFT27 	 0
IFT43 	 0
IFT46 	 0
IFT52 	 0
IFT57 	 0
IFT74 	 0
IFT80 	 0
IFT81 	 0
IFT88 	 0
IGBP1 	 213
IGBP1P1 	 0
IGDCC3 	 0
IGDCC4 	 0
IGF1 	 0
IGF1R 	 0
IGF2 	 0
IGF2-AS1 	 0
IGF2BP1 	 0
IGF2BP2 	 0
IGF2BP3 	 0
IGF2R 	 0
IGFALS 	 0
IGFBP1 	 0
IGFBP2 	 0
IGFBP3 	 0
IGFBP4 	 0
IGFBP5 	 0
IGFBP6 	 0
IGFBP7 	 0
IGFBPL1 	 0
IGFL1 	 0
IGFL2 	 0
IGFL3 	 0
IGFL4 	 0
IGFLR1 	 0
IGFN1 	 0
IGHMBP2 	 0
IGIP 	 0
IGJ 	 0
IGLL1 	 0
IGLL3P 	 0
IGLL5 	 0
IGLON5 	 0
IGSF1 	 0
IGSF10 	 0
IGSF11 	 0
IGSF11-AS1 	 0
IGSF21 	 0
IGSF22 	 0
IGSF23 	 0
IGSF3 	 0
IGSF5 	 0
IGSF6 	 0
IGSF8 	 0
IGSF9 	 0
IGSF9B 	 0
IHH 	 0
IK 	 9
IKBIP 	 0
IKBKAP 	 0
IKBKB 	 0
IKBKE 	 0
IKBKG 	 0
IKZF1 	 0
IKZF2 	 0
IKZF3 	 0
IKZF4 	 0
IKZF5 	 0
IL10 	 0
IL10RA 	 0
IL10RB 	 0
IL11 	 0
IL11RA 	 0
IL12A 	 0
IL12B 	 0
IL12RB1 	 0
IL12RB2 	 0
IL13 	 0
IL13RA1 	 0
IL13RA2 	 0
IL15 	 0
IL15RA 	 0
IL16 	 0
IL17A 	 0
IL17B 	 0
IL17C 	 0
IL17D 	 0
IL17F 	 0
IL17RA 	 0
IL17RB 	 0
IL17RC 	 0
IL17RD 	 0
IL17RE 	 0
IL17REL 	 0
IL18 	 0
IL18BP 	 0
IL18R1 	 0
IL18RAP 	 0
IL19 	 0
IL1A 	 0
IL1B 	 0
IL1F10 	 0
IL1R1 	 0
IL1R2 	 0
IL1RAP 	 0
IL1RAPL1 	 0
IL1RAPL2 	 0
IL1RL1 	 0
IL1RL2 	 0
IL1RN 	 0
IL2 	 0
IL20 	 0
IL20RA 	 0
IL20RB 	 0
IL21 	 0
IL21R 	 0
IL22 	 0
IL22RA1 	 0
IL22RA2 	 0
IL23A 	 0
IL23R 	 0
IL24 	 0
IL25 	 0
IL26 	 0
IL27 	 0
IL27RA 	 0
IL28A 	 0
IL28B 	 0
IL28RA 	 0
IL29 	 0
IL2RA 	 0
IL2RB 	 0
IL2RG 	 0
IL3 	 0
IL31 	 0
IL31RA 	 0
IL32 	 0
IL33 	 0
IL34 	 0
IL36A 	 0
IL36B 	 0
IL36G 	 0
IL36RN 	 0
IL37 	 0
IL3RA 	 0
IL4 	 0
IL4I1 	 0
IL4R 	 0
IL5 	 0
IL5RA 	 0
IL6 	 0
IL6R 	 0
IL6ST 	 0
IL7 	 0
IL7R 	 0
IL8 	 0
IL9 	 0
ILDR1 	 0
ILDR2 	 0
ILF2 	 69
ILF3 	 2
ILK 	 0
ILKAP 	 0
ILVBL 	 0
IMMP1L 	 0
IMMP2L 	 0
IMMT 	 448
IMP3 	 0
IMP4 	 0
IMPA1 	 0
IMPA2 	 0
IMPACT 	 0
IMPAD1 	 0
IMPDH1 	 0
IMPDH2 	 4
IMPG1 	 0
IMPG2 	 0
INA 	 20
INADL 	 106
INCA1 	 0
INCENP 	 0
INE1 	 0
INF2 	 0
ING1 	 0
ING2 	 0
ING3 	 0
ING4 	 0
ING5 	 44
INGX 	 0
INHA 	 0
INHBA 	 8
INHBB 	 0
INHBC 	 0
INHBE 	 0
INMT 	 0
INMT-FAM188B 	 0
INO80 	 0
INO80B 	 0
INO80B-WBP1 	 0
INO80C 	 0
INO80D 	 0
INO80E 	 0
INPP1 	 0
INPP4A 	 0
INPP4B 	 0
INPP5A 	 0
INPP5B 	 0
INPP5D 	 0
INPP5E 	 1
INPP5F 	 6
INPP5J 	 0
INPP5K 	 0
INPPL1 	 0
INS-IGF2 	 0
INSC 	 0
INSIG1 	 0
INSIG2 	 0
INSL3 	 0
INSL4 	 0
INSL5 	 0
INSL6 	 0
INSM1 	 0
INSM2 	 0
INSR 	 46
INSRR 	 0
INTS1 	 0
INTS10 	 0
INTS12 	 0
INTS2 	 0
INTS3 	 0
INTS4 	 0
INTS4L1 	 0
INTS4L2 	 0
INTS5 	 0
INTS6 	 0
INTS7 	 0
INTS8 	 0
INTS9 	 0
INTU 	 0
INVS 	 0
IP6K1 	 0
IP6K2 	 7
IP6K3 	 0
IPCEF1 	 0
IPMK 	 0
IPO11 	 0
IPO13 	 0
IPO4 	 0
IPO5 	 0
IPO7 	 154
IPO8 	 117
IPO9 	 0
IPP 	 0
IPPK 	 0
IPW 	 58
IQCA1 	 0
IQCB1 	 1
IQCC 	 0
IQCD 	 0
IQCE 	 0
IQCF1 	 0
IQCF2 	 0
IQCF3 	 0
IQCF4 	 0
IQCF5 	 0
IQCF6 	 0
IQCG 	 0
IQCH 	 0
IQCJ 	 0
IQCK 	 33
IQGAP1 	 0
IQGAP2 	 0
IQGAP3 	 0
IQSEC1 	 0
IQSEC2 	 0
IQSEC3 	 0
IQUB 	 0
IRAK1 	 0
IRAK1BP1 	 0
IRAK2 	 0
IRAK3 	 0
IRAK4 	 0
IREB2 	 0
IRF1 	 0
IRF2 	 0
IRF2BP1 	 0
IRF2BP2 	 141
IRF2BPL 	 0
IRF3 	 0
IRF4 	 0
IRF5 	 0
IRF6 	 0
IRF7 	 0
IRF8 	 0
IRF9 	 0
IRGC 	 0
IRGM 	 0
IRGQ 	 59
IRS1 	 0
IRS2 	 0
IRS4 	 0
IRX1 	 0
IRX2 	 0
IRX3 	 0
IRX5 	 0
IRX6 	 0
ISCA1 	 0
ISCA2 	 0
ISCU 	 0
ISG15 	 0
ISG20 	 0
ISG20L2 	 0
ISL1 	 0
ISL2 	 0
ISLR 	 0
ISLR2 	 0
ISM1 	 0
ISM2 	 0
ISOC1 	 0
ISOC2 	 0
ISPD 	 0
IST1 	 0
ISX 	 0
ISY1 	 0
ISYNA1 	 0
ITCH 	 0
ITFG1 	 23
ITFG2 	 0
ITFG3 	 0
ITGA1 	 0
ITGA10 	 0
ITGA11 	 0
ITGA2 	 0
ITGA2B 	 0
ITGA3 	 0
ITGA4 	 0
ITGA5 	 0
ITGA6 	 0
ITGA7 	 0
ITGA8 	 0
ITGA9 	 0
ITGAD 	 0
ITGAE 	 199
ITGAL 	 0
ITGAM 	 0
ITGAV 	 0
ITGAX 	 0
ITGB1 	 0
ITGB1BP1 	 0
ITGB1BP2 	 0
ITGB1BP3 	 0
ITGB2 	 0
ITGB3 	 0
ITGB3BP 	 0
ITGB4 	 0
ITGB5 	 0
ITGB6 	 0
ITGB7 	 0
ITGB8 	 108
ITGBL1 	 0
ITIH1 	 0
ITIH2 	 0
ITIH3 	 0
ITIH4 	 0
ITIH5 	 0
ITIH6 	 0
ITK 	 0
ITLN1 	 0
ITLN2 	 0
ITM2A 	 0
ITM2B 	 0
ITM2C 	 0
ITPA 	 0
ITPK1 	 0
ITPK1-AS1 	 0
ITPKA 	 0
ITPKB 	 0
ITPKC 	 0
ITPR1 	 5
ITPR2 	 78
ITPR3 	 0
ITPRIP 	 0
ITPRIPL1 	 0
ITPRIPL2 	 0
ITSN1 	 0
ITSN2 	 0
IVD 	 0
IVL 	 0
IVNS1ABP 	 86
IWS1 	 267
IYD 	 0
IZUMO1 	 0
IZUMO2 	 0
IZUMO4 	 0
JAG1 	 0
JAG2 	 0
JAGN1 	 3
JAK1 	 0
JAK2 	 0
JAK3 	 0
JAKMIP1 	 0
JAKMIP2 	 0
JAKMIP3 	 0
JAM2 	 0
JAM3 	 0
JARID2 	 1
JAZF1 	 0
JAZF1-AS1 	 0
JDP2 	 0
JHDM1D 	 0
JKAMP 	 0
JMJD1C 	 0
JMJD4 	 0
JMJD5 	 0
JMJD6 	 0
JMJD7 	 0
JMJD7-PLA2G4B 	 0
JMJD8 	 0
JMY 	 0
JOSD1 	 0
JOSD2 	 0
JPH1 	 0
JPH2 	 0
JPH3 	 0
JPH4 	 1
JPX 	 0
JRK 	 0
JRKL 	 0
JSRP1 	 0
JTB 	 0
JUN 	 0
JUNB 	 0
JUND 	 0
JUP 	 0
KAAG1 	 0
KAL1 	 0
KALRN 	 5
KANK1 	 0
KANK2 	 0
KANK3 	 0
KANK4 	 0
KANSL1 	 0
KANSL1L 	 0
KANSL2 	 0
KANSL3 	 0
KARS 	 0
KAT2A 	 0
KAT2B 	 0
KAT5 	 0
KAT6A 	 0
KAT6B 	 0
KAT7 	 0
KAT8 	 0
KATNA1 	 0
KATNAL1 	 0
KATNAL2 	 1
KATNB1 	 0
KAZALD1 	 0
KAZN 	 0
KBTBD10 	 0
KBTBD11 	 0
KBTBD12 	 159
KBTBD13 	 0
KBTBD2 	 0
KBTBD3 	 0
KBTBD4 	 0
KBTBD5 	 0
KBTBD6 	 0
KBTBD7 	 0
KBTBD8 	 0
KC6 	 0
KCMF1 	 0
KCNA1 	 0
KCNA10 	 0
KCNA2 	 0
KCNA3 	 0
KCNA4 	 0
KCNA5 	 0
KCNA6 	 0
KCNA7 	 0
KCNAB1 	 0
KCNAB2 	 0
KCNAB3 	 0
KCNB1 	 0
KCNB2 	 0
KCNC1 	 0
KCNC2 	 0
KCNC3 	 0
KCNC4 	 0
KCND1 	 0
KCND2 	 0
KCND3 	 0
KCNE1 	 0
KCNE1L 	 0
KCNE2 	 0
KCNE3 	 0
KCNE4 	 0
KCNF1 	 0
KCNG1 	 0
KCNG2 	 0
KCNG3 	 0
KCNG4 	 0
KCNH1 	 0
KCNH2 	 0
KCNH3 	 0
KCNH4 	 0
KCNH5 	 0
KCNH6 	 0
KCNH7 	 0
KCNH8 	 0
KCNIP1 	 0
KCNIP2 	 0
KCNIP3 	 0
KCNIP4 	 0
KCNIP4-IT1 	 0
KCNJ1 	 0
KCNJ10 	 0
KCNJ11 	 0
KCNJ12 	 0
KCNJ13 	 0
KCNJ14 	 0
KCNJ15 	 0
KCNJ16 	 0
KCNJ18 	 0
KCNJ2 	 0
KCNJ2-AS1 	 0
KCNJ3 	 0
KCNJ4 	 0
KCNJ5 	 0
KCNJ6 	 0
KCNJ8 	 0
KCNJ9 	 0
KCNK1 	 0
KCNK10 	 0
KCNK12 	 0
KCNK13 	 0
KCNK15 	 0
KCNK16 	 0
KCNK17 	 0
KCNK18 	 0
KCNK2 	 0
KCNK3 	 0
KCNK4 	 0
KCNK5 	 0
KCNK6 	 0
KCNK7 	 0
KCNK9 	 0
KCNMA1 	 0
KCNMB1 	 0
KCNMB2 	 0
KCNMB3 	 0
KCNMB4 	 0
KCNN1 	 0
KCNN2 	 82
KCNN3 	 0
KCNN4 	 0
KCNQ1 	 0
KCNQ1DN 	 0
KCNQ1OT1 	 0
KCNQ2 	 0
KCNQ3 	 3
KCNQ4 	 0
KCNQ5 	 0
KCNRG 	 0
KCNS1 	 0
KCNS2 	 0
KCNS3 	 0
KCNT1 	 0
KCNT2 	 0
KCNU1 	 0
KCNV1 	 0
KCNV2 	 0
KCP 	 0
KCTD1 	 0
KCTD10 	 0
KCTD11 	 0
KCTD12 	 0
KCTD13 	 0
KCTD15 	 0
KCTD16 	 0
KCTD17 	 0
KCTD18 	 0
KCTD19 	 0
KCTD2 	 0
KCTD20 	 0
KCTD21 	 0
KCTD3 	 0
KCTD4 	 0
KCTD5 	 0
KCTD6 	 1
KCTD7 	 17
KCTD8 	 0
KCTD9 	 0
KDELC1 	 0
KDELC2 	 0
KDELR1 	 1
KDELR2 	 0
KDELR3 	 0
KDM1A 	 21
KDM1B 	 0
KDM2A 	 0
KDM2B 	 0
KDM3A 	 0
KDM3B 	 0
KDM4A 	 0
KDM4B 	 13
KDM4C 	 0
KDM4D 	 0
KDM4DL 	 0
KDM5A 	 0
KDM5B 	 0
KDM5B-AS1 	 0
KDM5C 	 0
KDM5D 	 0
KDM6A 	 0
KDM6B 	 20
KDR 	 0
KDSR 	 0
KEAP1 	 0
KEL 	 0
KERA 	 0
KGFLP1 	 0
KGFLP2 	 0
KHDC1 	 0
KHDC1L 	 0
KHDRBS1 	 0
KHDRBS2 	 0
KHDRBS3 	 19
KHK 	 0
KHNYN 	 0
KHSRP 	 0
KIAA0020 	 0
KIAA0040 	 0
KIAA0087 	 0
KIAA0090 	 0
KIAA0100 	 0
KIAA0101 	 0
KIAA0125 	 0
KIAA0141 	 0
KIAA0146 	 0
KIAA0182 	 0
KIAA0195 	 5
KIAA0196 	 0
KIAA0226 	 0
KIAA0226L 	 0
KIAA0232 	 0
KIAA0240 	 0
KIAA0247 	 0
KIAA0284 	 7
KIAA0317 	 0
KIAA0319 	 0
KIAA0319L 	 0
KIAA0355 	 0
KIAA0368 	 0
KIAA0391 	 0
KIAA0408 	 0
KIAA0415 	 0
KIAA0430 	 0
KIAA0494 	 0
KIAA0513 	 0
KIAA0528 	 0
KIAA0556 	 0
KIAA0564 	 0
KIAA0586 	 0
KIAA0664 	 0
KIAA0664L3 	 0
KIAA0748 	 0
KIAA0753 	 0
KIAA0754 	 0
KIAA0825 	 0
KIAA0889 	 0
KIAA0895 	 0
KIAA0895L 	 0
KIAA0907 	 0
KIAA0913 	 0
KIAA0922 	 0
KIAA0930 	 5
KIAA0947 	 0
KIAA1009 	 0
KIAA1024 	 0
KIAA1033 	 0
KIAA1045 	 0
KIAA1107 	 0
KIAA1109 	 188
KIAA1143 	 0
KIAA1147 	 0
KIAA1161 	 0
KIAA1191 	 0
KIAA1199 	 0
KIAA1210 	 0
KIAA1211 	 717
KIAA1217 	 0
KIAA1239 	 0
KIAA1244 	 0
KIAA1257 	 0
KIAA1274 	 0
KIAA1279 	 0
KIAA1324 	 0
KIAA1324L 	 1
KIAA1328 	 0
KIAA1377 	 0
KIAA1383 	 0
KIAA1407 	 0
KIAA1429 	 0
KIAA1430 	 0
KIAA1432 	 0
KIAA1456 	 0
KIAA1462 	 0
KIAA1467 	 301
KIAA1468 	 0
KIAA1522 	 0
KIAA1524 	 0
KIAA1530 	 0
KIAA1549 	 0
KIAA1586 	 0
KIAA1598 	 132
KIAA1609 	 0
KIAA1614 	 0
KIAA1644 	 0
KIAA1656 	 0
KIAA1671 	 0
KIAA1683 	 0
KIAA1704 	 0
KIAA1715 	 0
KIAA1731 	 0
KIAA1737 	 0
KIAA1751 	 0
KIAA1755 	 0
KIAA1797 	 27
KIAA1804 	 0
KIAA1826 	 9
KIAA1841 	 0
KIAA1875 	 0
KIAA1908 	 0
KIAA1919 	 0
KIAA1958 	 0
KIAA1967 	 0
KIAA1984 	 0
KIAA2013 	 0
KIAA2018 	 0
KIAA2022 	 351
KIAA2026 	 153
KIDINS220 	 0
KIF11 	 0
KIF12 	 0
KIF13A 	 0
KIF13B 	 0
KIF14 	 0
KIF15 	 0
KIF16B 	 3
KIF17 	 0
KIF18A 	 0
KIF18B 	 0
KIF19 	 0
KIF1A 	 0
KIF1B 	 20
KIF1C 	 0
KIF20A 	 0
KIF20B 	 0
KIF21A 	 2
KIF21B 	 0
KIF22 	 0
KIF23 	 0
KIF24 	 0
KIF25 	 0
KIF26A 	 0
KIF26B 	 0
KIF27 	 0
KIF2A 	 0
KIF2B 	 0
KIF2C 	 0
KIF3A 	 222
KIF3B 	 0
KIF3C 	 0
KIF4A 	 0
KIF4B 	 0
KIF5A 	 0
KIF5B 	 0
KIF5C 	 1
KIF6 	 0
KIF7 	 0
KIF9 	 0
KIFAP3 	 0
KIFC1 	 0
KIFC2 	 0
KIFC3 	 0
KIN 	 0
KIR2DL1 	 0
KIR2DL2 	 0
KIR2DL3 	 0
KIR2DL4 	 0
KIR2DL5B 	 0
KIR2DS1 	 0
KIR2DS2 	 0
KIR2DS4 	 0
KIR2DS5 	 0
KIR3DL1 	 0
KIR3DL2 	 0
KIR3DX1 	 0
KIRREL 	 0
KIRREL2 	 0
KIRREL3 	 0
KIRREL3-AS3 	 0
KISS1 	 0
KISS1R 	 0
KIT 	 0
KITLG 	 0
KL 	 0
KLB 	 0
KLC1 	 0
KLC2 	 0
KLC3 	 0
KLC4 	 0
KLF1 	 0
KLF10 	 0
KLF11 	 0
KLF12 	 0
KLF13 	 15
KLF14 	 0
KLF15 	 0
KLF16 	 0
KLF17 	 0
KLF2 	 0
KLF3 	 0
KLF4 	 0
KLF5 	 0
KLF6 	 17
KLF7 	 9
KLF8 	 0
KLF9 	 0
KLHDC1 	 0
KLHDC10 	 0
KLHDC2 	 0
KLHDC3 	 0
KLHDC4 	 0
KLHDC5 	 0
KLHDC7A 	 0
KLHDC7B 	 0
KLHDC8A 	 0
KLHDC8B 	 0
KLHDC9 	 0
KLHL1 	 0
KLHL10 	 0
KLHL11 	 0
KLHL12 	 0
KLHL13 	 0
KLHL14 	 0
KLHL15 	 8
KLHL17 	 0
KLHL18 	 0
KLHL2 	 0
KLHL20 	 0
KLHL21 	 0
KLHL22 	 0
KLHL23 	 0
KLHL24 	 31
KLHL25 	 0
KLHL26 	 0
KLHL28 	 0
KLHL29 	 0
KLHL3 	 0
KLHL30 	 0
KLHL31 	 0
KLHL32 	 0
KLHL33 	 0
KLHL34 	 0
KLHL35 	 0
KLHL36 	 0
KLHL38 	 0
KLHL4 	 0
KLHL5 	 0
KLHL6 	 0
KLHL7 	 141
KLHL7-AS1 	 0
KLHL8 	 1
KLHL9 	 2
KLK1 	 0
KLK10 	 0
KLK11 	 0
KLK12 	 0
KLK13 	 0
KLK14 	 0
KLK15 	 0
KLK2 	 0
KLK3 	 0
KLK4 	 0
KLK5 	 0
KLK6 	 0
KLK7 	 0
KLK8 	 0
KLK9 	 0
KLKB1 	 0
KLKP1 	 0
KLLN 	 0
KLRAP1 	 0
KLRB1 	 0
KLRC1 	 0
KLRC2 	 0
KLRC3 	 0
KLRC4 	 0
KLRC4-KLRK1 	 0
KLRD1 	 0
KLRF1 	 0
KLRF2 	 0
KLRG1 	 0
KLRG2 	 0
KLRK1 	 0
KMO 	 0
KNCN 	 0
KNDC1 	 0
KNG1 	 0
KNTC1 	 0
KPNA1 	 0
KPNA2 	 114
KPNA3 	 1
KPNA4 	 40
KPNA5 	 0
KPNA6 	 0
KPNA7 	 0
KPNB1 	 30
KPRP 	 0
KPTN 	 0
KRAS 	 0
KRBA1 	 0
KRBA2 	 0
KRBOX1 	 0
KRCC1 	 0
KREMEN1 	 0
KREMEN2 	 0
KRI1 	 0
KRIT1 	 0
KRR1 	 0
KRT1 	 0
KRT10 	 0
KRT12 	 0
KRT13 	 0
KRT14 	 0
KRT15 	 0
KRT16 	 0
KRT16P2 	 0
KRT17 	 0
KRT18 	 0
KRT18P55 	 0
KRT19 	 0
KRT19P2 	 0
KRT2 	 0
KRT20 	 0
KRT222 	 0
KRT23 	 0
KRT24 	 0
KRT25 	 0
KRT26 	 0
KRT27 	 0
KRT28 	 0
KRT3 	 0
KRT31 	 0
KRT32 	 0
KRT33A 	 0
KRT33B 	 0
KRT34 	 0
KRT35 	 0
KRT36 	 0
KRT37 	 0
KRT38 	 0
KRT39 	 0
KRT4 	 0
KRT40 	 1
KRT42P 	 0
KRT5 	 0
KRT6A 	 0
KRT6B 	 0
KRT6C 	 0
KRT7 	 0
KRT71 	 0
KRT72 	 0
KRT73 	 0
KRT74 	 0
KRT75 	 0
KRT76 	 0
KRT77 	 0
KRT78 	 0
KRT79 	 0
KRT8 	 0
KRT80 	 0
KRT81 	 0
KRT82 	 0
KRT83 	 0
KRT84 	 0
KRT85 	 0
KRT86 	 0
KRT8P41 	 0
KRT9 	 0
KRTAP1-1 	 0
KRTAP1-3 	 0
KRTAP1-5 	 0
KRTAP10-1 	 0
KRTAP10-2 	 0
KRTAP10-3 	 0
KRTAP10-5 	 0
KRTAP10-6 	 0
KRTAP10-8 	 0
KRTAP11-1 	 0
KRTAP12-1 	 0
KRTAP12-2 	 0
KRTAP12-4 	 0
KRTAP13-1 	 0
KRTAP13-3 	 0
KRTAP15-1 	 0
KRTAP16-1 	 0
KRTAP17-1 	 0
KRTAP19-1 	 0
KRTAP19-3 	 0
KRTAP19-5 	 0
KRTAP19-8 	 0
KRTAP2-2 	 0
KRTAP2-4 	 0
KRTAP20-2 	 0
KRTAP20-3 	 0
KRTAP20-4 	 0
KRTAP21-1 	 0
KRTAP21-3 	 0
KRTAP22-1 	 0
KRTAP24-1 	 0
KRTAP26-1 	 0
KRTAP27-1 	 0
KRTAP3-1 	 0
KRTAP3-2 	 0
KRTAP3-3 	 0
KRTAP4-1 	 0
KRTAP4-11 	 0
KRTAP4-3 	 0
KRTAP4-4 	 0
KRTAP4-5 	 0
KRTAP4-6 	 0
KRTAP4-7 	 0
KRTAP4-8 	 0
KRTAP5-1 	 0
KRTAP5-10 	 0
KRTAP5-11 	 0
KRTAP5-2 	 0
KRTAP5-3 	 0
KRTAP5-4 	 0
KRTAP5-5 	 0
KRTAP5-6 	 0
KRTAP5-7 	 0
KRTAP5-8 	 0
KRTAP5-9 	 0
KRTAP6-1 	 0
KRTAP6-2 	 0
KRTAP6-3 	 0
KRTAP7-1 	 0
KRTAP8-1 	 0
KRTAP9-3 	 0
KRTAP9-4 	 0
KRTAP9-9 	 0
KRTCAP2 	 0
KRTCAP3 	 0
KRTDAP 	 0
KSR1 	 0
KSR2 	 0
KTI12 	 0
KTN1 	 1
KTN1-AS1 	 0
KXD1 	 0
KY 	 0
KYNU 	 0
L1CAM 	 0
L1TD1 	 0
L2HGDH 	 0
L3MBTL1 	 0
L3MBTL2 	 0
L3MBTL3 	 0
L3MBTL4 	 0
LACC1 	 0
LACE1 	 0
LACRT 	 0
LACTB 	 0
LACTB2 	 0
LAD1 	 0
LAG3 	 0
LAGE3 	 0
LAIR1 	 0
LAIR2 	 0
LALBA 	 0
LAMA1 	 0
LAMA2 	 0
LAMA3 	 0
LAMA4 	 0
LAMA5 	 0
LAMB1 	 0
LAMB2 	 0
LAMB2P1 	 0
LAMB3 	 0
LAMB4 	 0
LAMC1 	 0
LAMC2 	 0
LAMC3 	 0
LAMP1 	 0
LAMP2 	 0
LAMP3 	 0
LAMP5 	 0
LAMTOR1 	 0
LAMTOR2 	 0
LAMTOR3 	 0
LANCL1 	 1
LANCL2 	 0
LANCL3 	 0
LAP3 	 0
LAPTM4A 	 0
LAPTM4B 	 0
LAPTM5 	 0
LARGE 	 0
LARP1 	 283
LARP1B 	 0
LARP4 	 0
LARP4B 	 6
LARP6 	 0
LARP7 	 0
LARS 	 2
LARS2 	 0
LAS1L 	 0
LASP1 	 0
LAT 	 0
LAT2 	 0
LATS1 	 0
LATS2 	 0
LAX1 	 0
LAYN 	 0
LBH 	 0
LBP 	 0
LBR 	 33
LBX2 	 0
LCA5 	 0
LCA5L 	 0
LCAT 	 0
LCE1A 	 0
LCE1C 	 0
LCE1E 	 0
LCE1F 	 0
LCE2A 	 0
LCE2B 	 0
LCE2D 	 0
LCE3A 	 0
LCE3C 	 0
LCE3D 	 0
LCE3E 	 0
LCE4A 	 0
LCE5A 	 0
LCK 	 0
LCLAT1 	 0
LCMT1 	 0
LCMT2 	 0
LCN10 	 0
LCN12 	 0
LCN15 	 0
LCN2 	 0
LCN6 	 0
LCN8 	 0
LCN9 	 0
LCNL1 	 0
LCOR 	 0
LCORL 	 0
LCP1 	 0
LCP2 	 0
LCT 	 0
LCTL 	 0
LDB1 	 0
LDB2 	 0
LDB3 	 0
LDHA 	 1
LDHAL6A 	 0
LDHAL6B 	 0
LDHB 	 258
LDHC 	 0
LDHD 	 0
LDLR 	 3
LDLRAD1 	 0
LDLRAD2 	 0
LDLRAD3 	 0
LDLRAP1 	 0
LDOC1 	 0
LDOC1L 	 0
LEAP2 	 0
LECT1 	 0
LECT2 	 0
LEF1 	 0
LEFTY1 	 0
LEFTY2 	 0
LEKR1 	 0
LELP1 	 0
LEMD1 	 0
LEMD2 	 0
LEMD3 	 0
LENEP 	 0
LENG1 	 0
LENG8 	 0
LENG9 	 0
LEO1 	 0
LEP 	 0
LEPR 	 0
LEPRE1 	 0
LEPREL1 	 0
LEPREL2 	 0
LEPREL4 	 0
LEPROT 	 0
LEPROTL1 	 0
LETM1 	 0
LETM2 	 0
LETMD1 	 0
LEUTX 	 0
LFNG 	 0
LGALS1 	 0
LGALS12 	 0
LGALS13 	 0
LGALS14 	 0
LGALS16 	 0
LGALS17A 	 0
LGALS2 	 0
LGALS3 	 0
LGALS3BP 	 0
LGALS4 	 0
LGALS7 	 0
LGALS7B 	 0
LGALS8 	 0
LGALS8-AS1 	 0
LGALS9 	 0
LGALS9B 	 0
LGALS9C 	 0
LGALSL 	 0
LGI1 	 0
LGI2 	 0
LGI3 	 0
LGI4 	 0
LGMN 	 0
LGR4 	 0
LGR5 	 0
LGR6 	 0
LGSN 	 0
LHB 	 0
LHCGR 	 0
LHFP 	 0
LHFPL1 	 0
LHFPL2 	 0
LHFPL3 	 0
LHFPL4 	 0
LHFPL5 	 0
LHPP 	 0
LHX1 	 0
LHX2 	 1
LHX3 	 0
LHX4 	 0
LHX5 	 0
LHX6 	 0
LHX8 	 0
LHX9 	 0
LIAS 	 0
LIF 	 0
LIFR 	 0
LIG1 	 0
LIG3 	 0
LIG4 	 0
LILRA1 	 0
LILRA2 	 0
LILRA3 	 0
LILRA4 	 0
LILRA5 	 0
LILRA6 	 0
LILRB1 	 0
LILRB2 	 0
LILRB3 	 0
LILRB4 	 0
LILRB5 	 0
LILRP2 	 0
LIM2 	 0
LIMA1 	 0
LIMCH1 	 436
LIMD1 	 0
LIMD2 	 0
LIME1 	 0
LIMK1 	 0
LIMK2 	 1
LIMS1 	 0
LIMS2 	 0
LIMS3-LOC440895 	 0
LIN28A 	 0
LIN28B 	 0
LIN37 	 6
LIN52 	 382
LIN54 	 0
LIN7A 	 0
LIN7B 	 0
LIN7C 	 1
LIN9 	 0
LINC00028 	 0
LINC00029 	 0
LINC00032 	 0
LINC00051 	 0
LINC00052 	 0
LINC00085 	 0
LINC00086 	 0
LINC00087 	 0
LINC00092 	 0
LINC00094 	 0
LINC00111 	 0
LINC00113 	 0
LINC00114 	 0
LINC00115 	 0
LINC00116 	 0
LINC00152 	 0
LINC00158 	 0
LINC00159 	 0
LINC00160 	 0
LINC00161 	 0
LINC00162 	 0
LINC00163 	 0
LINC00167 	 0
LINC00173 	 0
LINC00174 	 0
LINC00176 	 0
LINC00184 	 0
LINC00189 	 0
LINC00200 	 0
LINC00202 	 0
LINC00207 	 0
LINC00208 	 0
LINC00221 	 0
LINC00222 	 0
LINC00226 	 0
LINC00229 	 0
LINC00230A 	 0
LINC00235 	 0
LINC00238 	 0
LINC00239 	 0
LINC00240 	 0
LINC00242 	 0
LINC00244 	 0
LINC00251 	 0
LINC00254 	 0
LINC00256A 	 0
LINC00256B 	 0
LINC00260 	 0
LINC00261 	 0
LINC00263 	 0
LINC00264 	 0
LINC00265 	 0
LINC00266-1 	 0
LINC00271 	 0
LINC00272 	 0
LINC00273 	 0
LINC00277 	 0
LINC00281 	 0
LINC00282 	 0
LINC00284 	 0
LINC00290 	 0
LINC00293 	 0
LINC00294 	 0
LINC00299 	 0
LINC00301 	 0
LINC00303 	 0
LINC00304 	 0
LINC00305 	 0
LINC00308 	 0
LINC00309 	 0
LINC00310 	 0
LINC00311 	 0
LINC00312 	 0
LINC00313 	 0
LINC00314 	 0
LINC00315 	 0
LINC00317 	 0
LINC00319 	 0
LINC00320 	 0
LINC00323 	 0
LINC00324 	 0
LINC00326 	 0
LINC00327 	 0
LINC00330 	 0
LINC00336 	 0
LINC00338 	 0
LINC00339 	 0
LINC00340 	 0
LINC00341 	 0
LINC00346 	 0
LINC00347 	 0
LINC00410 	 0
LINC00421 	 0
LINC00426 	 0
LINC00442 	 0
LINC00460 	 0
LINC00461 	 0
LINC00466 	 0
LINC00467 	 0
LINC00469 	 0
LINC00470 	 0
LINC00471 	 0
LINC00472 	 0
LINC00473 	 0
LINC00474 	 0
LINC00475 	 0
LINC00476 	 0
LINC00477 	 0
LINC00478 	 0
LINC00479 	 0
LINC00482 	 0
LINC00483 	 0
LINC00485 	 0
LINC00486 	 0
LINC00487 	 0
LINC00488 	 0
LINC00493 	 0
LINC00494 	 0
LINC00511 	 0
LINC00514 	 0
LINC00515 	 0
LINC00518 	 0
LINC00520 	 0
LINC00521 	 0
LINC00523 	 0
LINC00525 	 0
LINC00526 	 0
LINC00535 	 0
LINC00536 	 0
LINC00538 	 0
LINC00547 	 0
LINC00548 	 0
LINC00550 	 0
LINC00552 	 0
LINC00574 	 0
LINC00575 	 0
LINGO1 	 0
LINGO2 	 0
LINGO3 	 0
LINGO4 	 0
LINS 	 4
LIPA 	 0
LIPC 	 0
LIPE 	 0
LIPF 	 0
LIPG 	 0
LIPH 	 0
LIPI 	 0
LIPJ 	 0
LIPK 	 0
LIPM 	 0
LIPN 	 0
LIPT1 	 0
LIPT2 	 0
LITAF 	 0
LIX1 	 0
LIX1L 	 0
LLGL1 	 0
LLGL2 	 0
LLPH 	 0
LMAN1 	 0
LMAN1L 	 0
LMAN2 	 0
LMAN2L 	 0
LMBR1 	 0
LMBR1L 	 2
LMBRD1 	 0
LMBRD2 	 0
LMCD1 	 0
LMF1 	 0
LMF2 	 0
LMLN 	 0
LMNA 	 0
LMNB1 	 0
LMNB2 	 0
LMO1 	 0
LMO2 	 0
LMO3 	 0
LMO4 	 71
LMO7 	 0
LMOD1 	 0
LMOD2 	 0
LMOD3 	 0
LMTK2 	 0
LMTK3 	 0
LMX1A 	 0
LMX1B 	 0
LNP1 	 0
LNPEP 	 0
LNX1 	 0
LNX2 	 0
LOC100009676 	 0
LOC100093698 	 0
LOC100101266 	 0
LOC100124692 	 0
LOC100125556 	 0
LOC100126784 	 0
LOC100127888 	 0
LOC100127983 	 0
LOC100128023 	 0
LOC100128054 	 0
LOC100128071 	 0
LOC100128076 	 0
LOC100128098 	 0
LOC100128126 	 0
LOC100128164 	 0
LOC100128176 	 0
LOC100128191 	 0
LOC100128239 	 0
LOC100128252 	 0
LOC100128264 	 0
LOC100128288 	 0
LOC100128292 	 0
LOC100128338 	 0
LOC100128361 	 0
LOC100128398 	 0
LOC100128420 	 0
LOC100128496 	 0
LOC100128505 	 0
LOC100128511 	 0
LOC100128531 	 0
LOC100128554 	 0
LOC100128568 	 0
LOC100128573 	 0
LOC100128590 	 0
LOC100128593 	 0
LOC100128640 	 0
LOC100128675 	 0
LOC100128682 	 0
LOC100128714 	 0
LOC100128750 	 0
LOC100128787 	 0
LOC100128788 	 0
LOC100128811 	 0
LOC100128822 	 0
LOC100128881 	 0
LOC100128946 	 0
LOC100128993 	 0
LOC100129027 	 0
LOC100129034 	 0
LOC100129046 	 0
LOC100129055 	 0
LOC100129138 	 0
LOC100129148 	 0
LOC100129175 	 0
LOC100129196 	 0
LOC100129213 	 0
LOC100129216 	 0
LOC100129250 	 0
LOC100129269 	 0
LOC100129316 	 0
LOC100129345 	 0
LOC100129361 	 0
LOC100129387 	 0
LOC100129407 	 0
LOC100129427 	 0
LOC100129480 	 1
LOC100129518 	 0
LOC100129520 	 0
LOC100129534 	 0
LOC100129550 	 0
LOC100129617 	 0
LOC100129620 	 0
LOC100129662 	 0
LOC100129716 	 0
LOC100129722 	 0
LOC100129726 	 0
LOC100129794 	 0
LOC100129845 	 0
LOC100129858 	 0
LOC100129917 	 0
LOC100129924 	 0
LOC100129931 	 0
LOC100129935 	 0
LOC100129961 	 0
LOC100130000 	 0
LOC100130015 	 0
LOC100130093 	 0
LOC100130155 	 0
LOC100130197 	 0
LOC100130231 	 0
LOC100130238 	 0
LOC100130264 	 0
LOC100130275 	 0
LOC100130298 	 0
LOC100130301 	 0
LOC100130331 	 0
LOC100130348 	 0
LOC100130357 	 0
LOC100130417 	 0
LOC100130451 	 0
LOC100130452 	 0
LOC100130480 	 0
LOC100130522 	 0
LOC100130557 	 0
LOC100130581 	 0
LOC100130673 	 0
LOC100130691 	 0
LOC100130700 	 0
LOC100130705 	 0
LOC100130744 	 0
LOC100130776 	 0
LOC100130849 	 0
LOC100130855 	 0
LOC100130872 	 0
LOC100130880 	 0
LOC100130890 	 0
LOC100130894 	 0
LOC100130899 	 0
LOC100130950 	 0
LOC100130954 	 0
LOC100130964 	 0
LOC100130987 	 0
LOC100130992 	 0
LOC100131047 	 0
LOC100131060 	 0
LOC100131067 	 0
LOC100131089 	 0
LOC100131094 	 0
LOC100131096 	 0
LOC100131138 	 0
LOC100131176 	 0
LOC100131193 	 0
LOC100131208 	 0
LOC100131234 	 2
LOC100131257 	 0
LOC100131289 	 37
LOC100131320 	 0
LOC100131347 	 0
LOC100131366 	 0
LOC100131434 	 0
LOC100131496 	 0
LOC100131551 	 0
LOC100131564 	 0
LOC100131626 	 0
LOC100131635 	 0
LOC100131655 	 0
LOC100131691 	 0
LOC100131726 	 0
LOC100131733 	 0
LOC100131825 	 0
LOC100132077 	 0
LOC100132078 	 0
LOC100132111 	 0
LOC100132146 	 0
LOC100132163 	 0
LOC100132215 	 0
LOC100132247 	 0
LOC100132273 	 0
LOC100132352 	 0
LOC100132354 	 0
LOC100132356 	 0
LOC100132396 	 0
LOC100132526 	 0
LOC100132707 	 0
LOC100132724 	 0
LOC100132735 	 0
LOC100132774 	 0
LOC100132781 	 0
LOC100132831 	 0
LOC100132832 	 0
LOC100132891 	 0
LOC100132987 	 0
LOC100133050 	 0
LOC100133091 	 0
LOC100133123 	 0
LOC100133161 	 0
LOC100133286 	 0
LOC100133308 	 0
LOC100133315 	 0
LOC100133331 	 0
LOC100133445 	 0
LOC100133461 	 0
LOC100133612 	 0
LOC100133669 	 0
LOC100133920 	 0
LOC100133957 	 0
LOC100133985 	 0
LOC100133991 	 0
LOC100134015 	 0
LOC100134229 	 0
LOC100134259 	 0
LOC100134317 	 0
LOC100134368 	 0
LOC100134713 	 0
LOC100134868 	 0
LOC100144595 	 0
LOC100144597 	 0
LOC100144602 	 0
LOC100144603 	 0
LOC100144604 	 0
LOC100169752 	 0
LOC100170939 	 0
LOC100188947 	 0
LOC100189589 	 0
LOC100190938 	 0
LOC100190940 	 0
LOC100190986 	 0
LOC100192204 	 0
LOC100192378 	 0
LOC100192426 	 0
LOC100216001 	 0
LOC100216479 	 0
LOC100216545 	 0
LOC100216546 	 0
LOC100233156 	 0
LOC100233209 	 0
LOC100240734 	 0
LOC100240735 	 0
LOC100268168 	 0
LOC100270679 	 0
LOC100270746 	 0
LOC100270804 	 0
LOC100271702 	 0
LOC100271722 	 0
LOC100271832 	 0
LOC100271836 	 0
LOC100272216 	 0
LOC100272217 	 0
LOC100272228 	 0
LOC100286793 	 0
LOC100286844 	 0
LOC100286922 	 0
LOC100286938 	 0
LOC100286979 	 0
LOC100287010 	 0
LOC100287015 	 0
LOC100287036 	 0
LOC100287042 	 0
LOC100287177 	 0
LOC100287216 	 0
LOC100287225 	 0
LOC100287314 	 0
LOC100287482 	 0
LOC100287559 	 0
LOC100287616 	 0
LOC100287632 	 0
LOC100287718 	 0
LOC100287722 	 0
LOC100287765 	 0
LOC100287792 	 0
LOC100287814 	 0
LOC100287846 	 0
LOC100287879 	 0
LOC100287944 	 0
LOC100288069 	 0
LOC100288077 	 0
LOC100288079 	 0
LOC100288122 	 0
LOC100288123 	 0
LOC100288181 	 0
LOC100288198 	 0
LOC100288346 	 0
LOC100288428 	 0
LOC100288432 	 0
LOC100288524 	 0
LOC100288615 	 0
LOC100288637 	 0
LOC100288748 	 0
LOC100288778 	 0
LOC100288814 	 0
LOC100288842 	 0
LOC100288846 	 0
LOC100288911 	 0
LOC100288974 	 0
LOC100289019 	 15
LOC100289092 	 0
LOC100289178 	 0
LOC100289187 	 0
LOC100289211 	 0
LOC100289230 	 0
LOC100289255 	 0
LOC100289341 	 0
LOC100289361 	 0
LOC100289473 	 0
LOC100289495 	 0
LOC100289509 	 0
LOC100289511 	 0
LOC100289561 	 0
LOC100289650 	 0
LOC100289656 	 0
LOC100289673 	 0
LOC100292680 	 0
LOC100294145 	 0
LOC100294362 	 0
LOC100302401 	 0
LOC100302640 	 0
LOC100302650 	 0
LOC100303749 	 0
LOC100306951 	 0
LOC100306975 	 0
LOC100329109 	 0
LOC100329135 	 0
LOC100335030 	 0
LOC100379224 	 0
LOC100422737 	 0
LOC100498859 	 0
LOC100499177 	 0
LOC100499183 	 0
LOC100499194 	 0
LOC100499227 	 0
LOC100499405 	 1
LOC100499466 	 0
LOC100499467 	 0
LOC100499484 	 0
LOC100499489 	 0
LOC100500773 	 0
LOC100500938 	 0
LOC100505474 	 0
LOC100505478 	 0
LOC100505483 	 0
LOC100505495 	 0
LOC100505536 	 0
LOC100505540 	 0
LOC100505545 	 0
LOC100505549 	 0
LOC100505576 	 0
LOC100505583 	 0
LOC100505619 	 0
LOC100505622 	 0
LOC100505624 	 0
LOC100505633 	 0
LOC100505648 	 0
LOC100505658 	 0
LOC100505659 	 0
LOC100505666 	 0
LOC100505676 	 0
LOC100505678 	 7
LOC100505679 	 0
LOC100505681 	 0
LOC100505687 	 0
LOC100505695 	 0
LOC100505696 	 0
LOC100505702 	 0
LOC100505715 	 0
LOC100505716 	 0
LOC100505718 	 0
LOC100505738 	 0
LOC100505746 	 0
LOC100505761 	 0
LOC100505768 	 0
LOC100505776 	 0
LOC100505782 	 0
LOC100505783 	 0
LOC100505795 	 0
LOC100505806 	 0
LOC100505812 	 0
LOC100505815 	 0
LOC100505817 	 0
LOC100505826 	 0
LOC100505835 	 0
LOC100505839 	 0
LOC100505841 	 0
LOC100505854 	 0
LOC100505865 	 0
LOC100505875 	 0
LOC100505876 	 0
LOC100505894 	 98
LOC100505912 	 0
LOC100505918 	 0
LOC100505933 	 0
LOC100505964 	 0
LOC100505967 	 0
LOC100505978 	 0
LOC100505989 	 0
LOC100506012 	 0
LOC100506013 	 0
LOC100506023 	 0
LOC100506025 	 0
LOC100506033 	 0
LOC100506035 	 0
LOC100506046 	 0
LOC100506050 	 0
LOC100506054 	 0
LOC100506068 	 0
LOC100506071 	 0
LOC100506083 	 0
LOC100506085 	 0
LOC100506100 	 0
LOC100506122 	 0
LOC100506123 	 0
LOC100506124 	 0
LOC100506134 	 0
LOC100506136 	 0
LOC100506172 	 0
LOC100506178 	 0
LOC100506190 	 0
LOC100506195 	 0
LOC100506207 	 0
LOC100506229 	 0
LOC100506233 	 0
LOC100506241 	 0
LOC100506274 	 0
LOC100506305 	 0
LOC100506314 	 0
LOC100506321 	 0
LOC100506334 	 0
LOC100506343 	 0
LOC100506368 	 0
LOC100506384 	 0
LOC100506385 	 0
LOC100506388 	 0
LOC100506393 	 0
LOC100506394 	 0
LOC100506409 	 0
LOC100506421 	 1
LOC100506422 	 0
LOC100506433 	 0
LOC100506451 	 0
LOC100506462 	 0
LOC100506469 	 0
LOC100506472 	 0
LOC100506474 	 0
LOC100506497 	 0
LOC100506540 	 0
LOC100506548 	 0
LOC100506585 	 0
LOC100506599 	 0
LOC100506649 	 0
LOC100506650 	 0
LOC100506655 	 0
LOC100506660 	 0
LOC100506668 	 0
LOC100506686 	 0
LOC100506688 	 0
LOC100506710 	 0
LOC100506713 	 0
LOC100506714 	 0
LOC100506730 	 0
LOC100506733 	 0
LOC100506746 	 0
LOC100506757 	 0
LOC100506776 	 0
LOC100506779 	 0
LOC100506795 	 0
LOC100506801 	 0
LOC100506804 	 0
LOC100506810 	 0
LOC100506835 	 0
LOC100506844 	 0
LOC100506866 	 0
LOC100506874 	 0
LOC100506895 	 0
LOC100506930 	 0
LOC100506939 	 0
LOC100506963 	 0
LOC100506990 	 0
LOC100506994 	 0
LOC100507003 	 0
LOC100507032 	 0
LOC100507034 	 0
LOC100507043 	 0
LOC100507050 	 0
LOC100507053 	 0
LOC100507055 	 0
LOC100507062 	 0
LOC100507066 	 0
LOC100507086 	 0
LOC100507091 	 0
LOC100507096 	 0
LOC100507117 	 0
LOC100507127 	 0
LOC100507140 	 0
LOC100507156 	 0
LOC100507173 	 0
LOC100507178 	 0
LOC100507194 	 0
LOC100507203 	 0
LOC100507205 	 0
LOC100507206 	 0
LOC100507217 	 0
LOC100507218 	 0
LOC100507240 	 0
LOC100507244 	 0
LOC100507246 	 0
LOC100507250 	 0
LOC100507254 	 0
LOC100507266 	 0
LOC100507299 	 0
LOC100507300 	 0
LOC100507331 	 0
LOC100507334 	 0
LOC100507341 	 0
LOC100507346 	 0
LOC100507351 	 0
LOC100507373 	 0
LOC100507377 	 0
LOC100507387 	 0
LOC100507389 	 0
LOC100507391 	 0
LOC100507392 	 0
LOC100507401 	 0
LOC100507404 	 0
LOC100507410 	 0
LOC100507412 	 0
LOC100507421 	 0
LOC100507423 	 0
LOC100507424 	 0
LOC100507433 	 0
LOC100507443 	 0
LOC100507462 	 0
LOC100507466 	 0
LOC100507470 	 0
LOC100507472 	 0
LOC100507489 	 0
LOC100507495 	 0
LOC100507501 	 0
LOC100507537 	 0
LOC100507547 	 0
LOC100507557 	 0
LOC100507564 	 0
LOC100507567 	 0
LOC100507577 	 0
LOC100507582 	 0
LOC100507584 	 0
LOC100507588 	 0
LOC100507589 	 0
LOC100507600 	 0
LOC100507605 	 0
LOC100507629 	 0
LOC100507632 	 0
LOC100507634 	 0
LOC100507651 	 0
LOC100508120 	 0
LOC100509575 	 0
LOC100509894 	 0
LOC100526771 	 0
LOC100527964 	 0
LOC100616530 	 0
LOC100616668 	 0
LOC100628307 	 0
LOC100630918 	 0
LOC100630923 	 0
LOC100631378 	 0
LOC100652730 	 0
LOC100652739 	 0
LOC100652759 	 0
LOC100652768 	 0
LOC100652770 	 0
LOC100652791 	 0
LOC100652846 	 0
LOC100652909 	 0
LOC100652999 	 0
LOC100653515 	 0
LOC100859930 	 0
LOC100861402 	 0
LOC113230 	 0
LOC115110 	 0
LOC116437 	 0
LOC120824 	 0
LOC126536 	 0
LOC127841 	 0
LOC139201 	 0
LOC143188 	 0
LOC143666 	 0
LOC144481 	 0
LOC144486 	 0
LOC144571 	 0
LOC144742 	 0
LOC145216 	 0
LOC145474 	 0
LOC145663 	 0
LOC145783 	 0
LOC145820 	 0
LOC145837 	 0
LOC145845 	 0
LOC146336 	 0
LOC146481 	 0
LOC146513 	 0
LOC146880 	 0
LOC147093 	 0
LOC147646 	 0
LOC147670 	 0
LOC147727 	 0
LOC147804 	 0
LOC148145 	 0
LOC148189 	 0
LOC148413 	 0
LOC148696 	 0
LOC148709 	 0
LOC148824 	 0
LOC149086 	 0
LOC149134 	 0
LOC149373 	 0
LOC149773 	 0
LOC149837 	 0
LOC149950 	 0
LOC150197 	 0
LOC150381 	 0
LOC150568 	 0
LOC150622 	 0
LOC150776 	 0
LOC150935 	 0
LOC151009 	 0
LOC151171 	 0
LOC151174 	 0
LOC151300 	 0
LOC151475 	 0
LOC151484 	 0
LOC151534 	 0
LOC151658 	 0
LOC152024 	 0
LOC152217 	 0
LOC152225 	 0
LOC152578 	 0
LOC152742 	 0
LOC153469 	 0
LOC153684 	 0
LOC153910 	 0
LOC154092 	 0
LOC154449 	 0
LOC154761 	 0
LOC154822 	 0
LOC154860 	 0
LOC154872 	 0
LOC155060 	 0
LOC157273 	 0
LOC157381 	 0
LOC157627 	 0
LOC158257 	 0
LOC158376 	 0
LOC158434 	 0
LOC158435 	 0
LOC158572 	 0
LOC158696 	 1
LOC170425 	 0
LOC1720 	 0
LOC200261 	 0
LOC200726 	 0
LOC200772 	 0
LOC201477 	 0
LOC201617 	 0
LOC201651 	 0
LOC202181 	 0
LOC202781 	 0
LOC219347 	 0
LOC219731 	 0
LOC220729 	 0
LOC220906 	 251
LOC221122 	 0
LOC221442 	 0
LOC253039 	 0
LOC253044 	 0
LOC253573 	 0
LOC253962 	 0
LOC254099 	 0
LOC254100 	 0
LOC254128 	 0
LOC254312 	 0
LOC254559 	 0
LOC254896 	 0
LOC255025 	 0
LOC255130 	 0
LOC255167 	 0
LOC255411 	 0
LOC255480 	 0
LOC255512 	 0
LOC255654 	 0
LOC256021 	 0
LOC256880 	 0
LOC257358 	 0
LOC257396 	 0
LOC282980 	 0
LOC282997 	 0
LOC283033 	 0
LOC283038 	 0
LOC283050 	 0
LOC283070 	 0
LOC283089 	 0
LOC283104 	 0
LOC283116 	 0
LOC283143 	 0
LOC283174 	 0
LOC283177 	 0
LOC283194 	 0
LOC283214 	 0
LOC283299 	 0
LOC283335 	 0
LOC283392 	 0
LOC283403 	 0
LOC283404 	 0
LOC283440 	 0
LOC283481 	 0
LOC283547 	 0
LOC283553 	 0
LOC283585 	 0
LOC283587 	 0
LOC283624 	 0
LOC283663 	 0
LOC283683 	 0
LOC283688 	 0
LOC283692 	 0
LOC283693 	 0
LOC283710 	 0
LOC283731 	 0
LOC283738 	 0
LOC283761 	 0
LOC283788 	 0
LOC283856 	 0
LOC283867 	 0
LOC283888 	 0
LOC283914 	 0
LOC283922 	 0
LOC284009 	 0
LOC284023 	 327
LOC284080 	 0
LOC284100 	 0
LOC284215 	 0
LOC284260 	 0
LOC284276 	 0
LOC284294 	 0
LOC284344 	 0
LOC284379 	 0
LOC284385 	 0
LOC284395 	 0
LOC284408 	 0
LOC284412 	 0
LOC284440 	 0
LOC284454 	 0
LOC284551 	 0
LOC284576 	 0
LOC284578 	 0
LOC284581 	 0
LOC284632 	 0
LOC284648 	 0
LOC284661 	 0
LOC284688 	 0
LOC284751 	 0
LOC284757 	 0
LOC284788 	 0
LOC284798 	 0
LOC284801 	 0
LOC284837 	 0
LOC284865 	 0
LOC284889 	 0
LOC284933 	 0
LOC284950 	 0
LOC284998 	 0
LOC285000 	 0
LOC285033 	 0
LOC285074 	 0
LOC285084 	 0
LOC285103 	 0
LOC285205 	 0
LOC285326 	 0
LOC285359 	 0
LOC285370 	 0
LOC285375 	 0
LOC285401 	 0
LOC285419 	 0
LOC285441 	 0
LOC285456 	 0
LOC285484 	 0
LOC285501 	 0
LOC285540 	 0
LOC285547 	 0
LOC285548 	 0
LOC285577 	 0
LOC285593 	 0
LOC285626 	 0
LOC285627 	 0
LOC285629 	 0
LOC285692 	 0
LOC285696 	 0
LOC285740 	 0
LOC285758 	 0
LOC285762 	 0
LOC285768 	 0
LOC285796 	 0
LOC285819 	 0
LOC285847 	 0
LOC285878 	 0
LOC285889 	 0
LOC285954 	 0
LOC285965 	 0
LOC285972 	 0
LOC286002 	 0
LOC286059 	 0
LOC286083 	 0
LOC286094 	 0
LOC286114 	 0
LOC286135 	 0
LOC286177 	 0
LOC286184 	 0
LOC286186 	 0
LOC286189 	 0
LOC286190 	 0
LOC286238 	 0
LOC286297 	 0
LOC286359 	 0
LOC286367 	 0
LOC286370 	 0
LOC286437 	 0
LOC286442 	 0
LOC286467 	 0
LOC338579 	 0
LOC338588 	 0
LOC338651 	 0
LOC338739 	 0
LOC338758 	 0
LOC338799 	 0
LOC338817 	 0
LOC338963 	 0
LOC339166 	 0
LOC339240 	 0
LOC339290 	 0
LOC339298 	 0
LOC339442 	 13
LOC339505 	 0
LOC339524 	 0
LOC339529 	 0
LOC339535 	 0
LOC339568 	 0
LOC339593 	 0
LOC339622 	 0
LOC339666 	 0
LOC339685 	 0
LOC339788 	 0
LOC339803 	 0
LOC339807 	 0
LOC339822 	 0
LOC339862 	 0
LOC339874 	 0
LOC339894 	 0
LOC339926 	 0
LOC339975 	 0
LOC340017 	 0
LOC340037 	 0
LOC340073 	 0
LOC340074 	 0
LOC340094 	 0
LOC340107 	 0
LOC340113 	 0
LOC340357 	 0
LOC340508 	 0
LOC340515 	 0
LOC340544 	 0
LOC341056 	 0
LOC344595 	 0
LOC344887 	 0
LOC344967 	 0
LOC347411 	 0
LOC348120 	 0
LOC348761 	 0
LOC349160 	 0
LOC349196 	 0
LOC374443 	 0
LOC375010 	 0
LOC375190 	 87
LOC375196 	 0
LOC375295 	 0
LOC386597 	 0
LOC386758 	 0
LOC387646 	 0
LOC387647 	 14
LOC387723 	 0
LOC387895 	 0
LOC388152 	 0
LOC388276 	 0
LOC388387 	 0
LOC388499 	 0
LOC388553 	 0
LOC388588 	 0
LOC388630 	 0
LOC388692 	 0
LOC388796 	 1
LOC388813 	 0
LOC388849 	 0
LOC388906 	 0
LOC388942 	 0
LOC388946 	 0
LOC388948 	 0
LOC389023 	 0
LOC389033 	 0
LOC389043 	 0
LOC389247 	 0
LOC389332 	 0
LOC389493 	 0
LOC389634 	 0
LOC389641 	 0
LOC389705 	 0
LOC389765 	 0
LOC389791 	 0
LOC389831 	 0
LOC389834 	 0
LOC389906 	 0
LOC390660 	 0
LOC390858 	 0
LOC390940 	 0
LOC391322 	 0
LOC392196 	 0
LOC392232 	 0
LOC392364 	 0
LOC399708 	 0
LOC399715 	 0
LOC399744 	 0
LOC399753 	 2
LOC399815 	 0
LOC399829 	 0
LOC400027 	 0
LOC400043 	 0
LOC400084 	 0
LOC400236 	 0
LOC400238 	 0
LOC400456 	 0
LOC400548 	 0
LOC400550 	 0
LOC400604 	 0
LOC400620 	 0
LOC400643 	 0
LOC400654 	 0
LOC400655 	 0
LOC400657 	 0
LOC400680 	 0
LOC400684 	 0
LOC400685 	 0
LOC400752 	 0
LOC400794 	 0
LOC400891 	 0
LOC400927 	 0
LOC400940 	 0
LOC400958 	 0
LOC401010 	 0
LOC401052 	 0
LOC401074 	 0
LOC401093 	 0
LOC401109 	 0
LOC401127 	 0
LOC401134 	 0
LOC401164 	 0
LOC401177 	 0
LOC401320 	 0
LOC401321 	 0
LOC401324 	 0
LOC401397 	 0
LOC401431 	 0
LOC401463 	 0
LOC401497 	 0
LOC401557 	 0
LOC401588 	 0
LOC401980 	 0
LOC402160 	 0
LOC402779 	 0
LOC407835 	 0
LOC415056 	 0
LOC439949 	 0
LOC439950 	 651
LOC439990 	 0
LOC439994 	 0
LOC440028 	 0
LOC440040 	 0
LOC440041 	 0
LOC440117 	 0
LOC440131 	 0
LOC440173 	 0
LOC440288 	 0
LOC440297 	 0
LOC440300 	 0
LOC440335 	 0
LOC440354 	 1
LOC440356 	 0
LOC440434 	 0
LOC440461 	 0
LOC440518 	 0
LOC440563 	 0
LOC440600 	 0
LOC440700 	 0
LOC440704 	 0
LOC440894 	 0
LOC440896 	 0
LOC440900 	 0
LOC440905 	 0
LOC440910 	 0
LOC440925 	 0
LOC440944 	 0
LOC440970 	 0
LOC441009 	 0
LOC441025 	 0
LOC441177 	 0
LOC441204 	 0
LOC441242 	 0
LOC441454 	 1
LOC441455 	 0
LOC441461 	 0
LOC441601 	 0
LOC441666 	 0
LOC442028 	 0
LOC442132 	 0
LOC442421 	 0
LOC442459 	 0
LOC442497 	 0
LOC493754 	 2
LOC494127 	 0
LOC494141 	 0
LOC494558 	 0
LOC503519 	 0
LOC541471 	 0
LOC541473 	 0
LOC550112 	 0
LOC550113 	 0
LOC550643 	 0
LOC553103 	 0
LOC554201 	 0
LOC554206 	 0
LOC554223 	 0
LOC572558 	 0
LOC574538 	 0
LOC595101 	 0
LOC606724 	 0
LOC613037 	 0
LOC619207 	 0
LOC63930 	 0
LOC641298 	 0
LOC641364 	 0
LOC641365 	 0
LOC641367 	 0
LOC641515 	 0
LOC641518 	 0
LOC641746 	 0
LOC642236 	 0
LOC642361 	 0
LOC642366 	 0
LOC642826 	 0
LOC642846 	 0
LOC642852 	 0
LOC642929 	 0
LOC643037 	 0
LOC643201 	 0
LOC643339 	 0
LOC643387 	 0
LOC643401 	 0
LOC643406 	 0
LOC643441 	 0
LOC643486 	 0
LOC643529 	 0
LOC643542 	 0
LOC643623 	 0
LOC643648 	 0
LOC643650 	 0
LOC643669 	 0
LOC643714 	 0
LOC643723 	 0
LOC643733 	 0
LOC643770 	 0
LOC643802 	 0
LOC643837 	 0
LOC643923 	 0
LOC643955 	 0
LOC644100 	 0
LOC644145 	 0
LOC644172 	 0
LOC644189 	 0
LOC644242 	 0
LOC644248 	 0
LOC644554 	 4
LOC644649 	 0
LOC644656 	 0
LOC644669 	 0
LOC644714 	 0
LOC644838 	 0
LOC644936 	 0
LOC644961 	 0
LOC644990 	 0
LOC645166 	 1
LOC645206 	 0
LOC645212 	 0
LOC645249 	 0
LOC645355 	 0
LOC645431 	 0
LOC645434 	 0
LOC645513 	 0
LOC645591 	 0
LOC645638 	 0
LOC645676 	 0
LOC645752 	 0
LOC645949 	 0
LOC646168 	 0
LOC646214 	 0
LOC646268 	 0
LOC646278 	 1
LOC646324 	 0
LOC646329 	 0
LOC646471 	 0
LOC646498 	 0
LOC646508 	 0
LOC646576 	 0
LOC646626 	 0
LOC646627 	 0
LOC646719 	 193
LOC646736 	 0
LOC646762 	 0
LOC646813 	 0
LOC646851 	 0
LOC646903 	 0
LOC646938 	 0
LOC646999 	 0
LOC647012 	 0
LOC647107 	 0
LOC647323 	 0
LOC647589 	 0
LOC647859 	 0
LOC647946 	 0
LOC647979 	 438
LOC648691 	 0
LOC648740 	 0
LOC648809 	 0
LOC648987 	 0
LOC649133 	 0
LOC649395 	 6
LOC650226 	 0
LOC650293 	 0
LOC650368 	 0
LOC650623 	 0
LOC652276 	 0
LOC653061 	 0
LOC653075 	 0
LOC653160 	 0
LOC653501 	 0
LOC653513 	 0
LOC653566 	 0
LOC653653 	 0
LOC653712 	 0
LOC653786 	 0
LOC654342 	 0
LOC654433 	 0
LOC678655 	 0
LOC723809 	 0
LOC727677 	 0
LOC727710 	 0
LOC727849 	 0
LOC727896 	 0
LOC727915 	 0
LOC727924 	 0
LOC727982 	 0
LOC728012 	 0
LOC728024 	 0
LOC728040 	 0
LOC728084 	 0
LOC728175 	 0
LOC728190 	 0
LOC728218 	 0
LOC728228 	 0
LOC728323 	 0
LOC728342 	 0
LOC728377 	 0
LOC728392 	 0
LOC728407 	 0
LOC728431 	 0
LOC728437 	 0
LOC728463 	 0
LOC728537 	 0
LOC728554 	 0
LOC728558 	 0
LOC728606 	 0
LOC728613 	 0
LOC728640 	 0
LOC728643 	 0
LOC728716 	 0
LOC728723 	 0
LOC728724 	 0
LOC728730 	 0
LOC728739 	 0
LOC728743 	 0
LOC728752 	 0
LOC728758 	 0
LOC728819 	 0
LOC728855 	 0
LOC728875 	 0
LOC728978 	 0
LOC728989 	 0
LOC729013 	 0
LOC729020 	 0
LOC729041 	 0
LOC729059 	 0
LOC729080 	 0
LOC729121 	 0
LOC729156 	 0
LOC729176 	 0
LOC729177 	 0
LOC729178 	 0
LOC729234 	 0
LOC729264 	 0
LOC729444 	 0
LOC729506 	 0
LOC729513 	 0
LOC729603 	 0
LOC729609 	 0
LOC729678 	 0
LOC729683 	 0
LOC729737 	 0
LOC729739 	 0
LOC729799 	 0
LOC729852 	 0
LOC729862 	 0
LOC729911 	 0
LOC729950 	 0
LOC729966 	 0
LOC729970 	 0
LOC729987 	 0
LOC730091 	 0
LOC730101 	 0
LOC730102 	 0
LOC730159 	 0
LOC730227 	 0
LOC730441 	 0
LOC730668 	 0
LOC730755 	 0
LOC730811 	 0
LOC731223 	 0
LOC731275 	 0
LOC731424 	 0
LOC731779 	 0
LOC731789 	 0
LOC732275 	 0
LOC79015 	 0
LOC80054 	 0
LOC81691 	 0
LOC84856 	 0
LOC84931 	 0
LOC84989 	 0
LOC90246 	 0
LOC90499 	 0
LOC90784 	 4
LOC90834 	 0
LOC91149 	 0
LOC91450 	 0
LOC91948 	 0
LOC92249 	 0
LOC93432 	 0
LOC93622 	 0
LOC96610 	 1
LOH12CR1 	 0
LOH12CR2 	 0
LONP1 	 0
LONP2 	 10
LONRF1 	 0
LONRF2 	 0
LONRF3 	 0
LOR 	 0
LOX 	 0
LOXHD1 	 0
LOXL1 	 0
LOXL2 	 0
LOXL3 	 0
LOXL4 	 0
LPA 	 0
LPAL2 	 0
LPAR1 	 0
LPAR2 	 0
LPAR3 	 0
LPAR4 	 0
LPAR5 	 0
LPAR6 	 0
LPCAT1 	 0
LPCAT2 	 0
LPCAT3 	 0
LPCAT4 	 0
LPGAT1 	 0
LPHN1 	 0
LPHN2 	 0
LPHN3 	 164
LPIN1 	 49
LPIN2 	 0
LPIN3 	 0
LPL 	 0
LPO 	 0
LPP 	 0
LPP-AS2 	 0
LPPR1 	 105
LPPR2 	 0
LPPR3 	 0
LPPR4 	 0
LPPR5 	 0
LPXN 	 0
LRAT 	 0
LRBA 	 0
LRCH1 	 22
LRCH2 	 213
LRCH3 	 0
LRCH4 	 0
LRFN1 	 0
LRFN2 	 0
LRFN3 	 0
LRFN4 	 0
LRFN5 	 0
LRG1 	 0
LRGUK 	 0
LRIF1 	 158
LRIG1 	 0
LRIG2 	 7
LRIG3 	 0
LRIT1 	 0
LRIT2 	 0
LRIT3 	 0
LRMP 	 0
LRP1 	 0
LRP10 	 0
LRP11 	 0
LRP12 	 0
LRP1B 	 0
LRP2 	 0
LRP2BP 	 0
LRP3 	 0
LRP4 	 0
LRP5 	 0
LRP5L 	 0
LRP6 	 0
LRP8 	 48
LRPAP1 	 0
LRPPRC 	 0
LRR1 	 0
LRRC1 	 0
LRRC10 	 0
LRRC10B 	 0
LRRC14 	 0
LRRC14B 	 0
LRRC15 	 0
LRRC16A 	 0
LRRC16B 	 0
LRRC17 	 0
LRRC18 	 0
LRRC19 	 0
LRRC2 	 0
LRRC20 	 0
LRRC23 	 0
LRRC25 	 0
LRRC27 	 0
LRRC28 	 0
LRRC29 	 0
LRRC3 	 0
LRRC30 	 0
LRRC31 	 0
LRRC32 	 0
LRRC33 	 0
LRRC34 	 0
LRRC36 	 0
LRRC37A 	 0
LRRC37A2 	 0
LRRC37A3 	 0
LRRC37A4 	 0
LRRC37B 	 0
LRRC37BP1 	 1
LRRC38 	 0
LRRC39 	 0
LRRC3B 	 0
LRRC3C 	 0
LRRC4 	 0
LRRC40 	 20
LRRC41 	 7
LRRC42 	 0
LRRC43 	 0
LRRC45 	 0
LRRC46 	 0
LRRC47 	 0
LRRC48 	 0
LRRC49 	 1
LRRC4B 	 0
LRRC4C 	 0
LRRC52 	 0
LRRC55 	 0
LRRC56 	 0
LRRC57 	 0
LRRC58 	 53
LRRC59 	 0
LRRC6 	 0
LRRC61 	 0
LRRC66 	 0
LRRC69 	 0
LRRC7 	 0
LRRC70 	 0
LRRC71 	 0
LRRC72 	 0
LRRC73 	 0
LRRC8A 	 0
LRRC8B 	 0
LRRC8C 	 0
LRRC8D 	 0
LRRC8E 	 0
LRRCC1 	 0
LRRD1 	 0
LRRFIP1 	 0
LRRFIP2 	 0
LRRIQ1 	 0
LRRIQ3 	 0
LRRIQ4 	 0
LRRK1 	 0
LRRK2 	 0
LRRN1 	 0
LRRN2 	 0
LRRN3 	 0
LRRN4 	 0
LRRN4CL 	 0
LRRTM1 	 0
LRRTM2 	 0
LRRTM3 	 0
LRRTM4 	 0
LRSAM1 	 0
LRTM1 	 0
LRTM2 	 0
LRTOMT 	 0
LRWD1 	 0
LSAMP 	 0
LSAMP-AS3 	 0
LSG1 	 1
LSM1 	 0
LSM10 	 0
LSM11 	 0
LSM12 	 35
LSM14A 	 33
LSM14B 	 0
LSM3 	 0
LSM4 	 0
LSM5 	 0
LSM6 	 0
LSM7 	 0
LSMD1 	 0
LSP1 	 0
LSR 	 0
LSS 	 0
LST1 	 0
LTA 	 0
LTA4H 	 0
LTB4R 	 0
LTB4R2 	 0
LTBP1 	 0
LTBP2 	 0
LTBP3 	 0
LTBP4 	 0
LTBR 	 0
LTC4S 	 0
LTF 	 0
LTK 	 0
LTN1 	 0
LTV1 	 0
LUC7L 	 0
LUC7L2 	 0
LUC7L3 	 9
LUM 	 0
LURAP1 	 0
LURAP1L 	 0
LUST 	 0
LUZP1 	 130
LUZP2 	 0
LUZP4 	 0
LXN 	 0
LY6E 	 0
LY6G5C 	 0
LY6G6C 	 0
LY6H 	 0
LY6K 	 0
LY75 	 0
LY75-CD302 	 0
LY86 	 0
LY86-AS1 	 0
LY9 	 0
LY96 	 0
LYAR 	 19
LYG1 	 0
LYG2 	 0
LYL1 	 0
LYN 	 0
LYNX1 	 0
LYPD1 	 0
LYPD2 	 0
LYPD3 	 0
LYPD4 	 0
LYPD5 	 0
LYPD6 	 0
LYPD6B 	 0
LYPLA1 	 0
LYPLA2 	 0
LYPLAL1 	 0
LYRM1 	 0
LYRM2 	 0
LYRM4 	 0
LYRM5 	 0
LYRM7 	 0
LYSMD1 	 0
LYSMD2 	 0
LYSMD3 	 0
LYSMD4 	 0
LYST 	 0
LYVE1 	 0
LYZ 	 0
LYZL2 	 0
LYZL4 	 0
LZIC 	 0
LZTFL1 	 0
LZTR1 	 0
LZTS1 	 44
LZTS2 	 0
M1 	 0
M6PR 	 0
MAB21L1 	 0
MAB21L2 	 0
MAB21L3 	 0
MACC1 	 0
MACF1 	 406
MACROD1 	 0
MACROD2 	 0
MACROD2-AS1 	 0
MAD1L1 	 0
MAD2L1 	 0
MAD2L1BP 	 0
MAD2L2 	 0
MADCAM1 	 0
MADD 	 0
MAEA 	 0
MAEL 	 0
MAF 	 0
MAF1 	 0
MAFA 	 0
MAFB 	 0
MAFF 	 0
MAFG 	 0
MAFG-AS1 	 0
MAFIP 	 0
MAFK 	 0
MAG 	 0
MAGEA1 	 0
MAGEA10 	 0
MAGEA10-MAGEA5 	 0
MAGEA11 	 0
MAGEA12 	 0
MAGEA4 	 0
MAGEA6 	 0
MAGEA8 	 0
MAGEB1 	 0
MAGEB10 	 0
MAGEB16 	 0
MAGEB2 	 0
MAGEB3 	 0
MAGEB4 	 0
MAGEC1 	 0
MAGEC2 	 0
MAGEC3 	 0
MAGED1 	 26
MAGED2 	 0
MAGED4B 	 0
MAGEE1 	 0
MAGEE2 	 0
MAGEF1 	 0
MAGEH1 	 13
MAGEL2 	 0
MAGI1 	 0
MAGI2 	 0
MAGI2-AS3 	 0
MAGI3 	 0
MAGIX 	 0
MAGOH 	 0
MAGOHB 	 54
MAGT1 	 0
MAK 	 0
MAK16 	 0
MAL 	 0
MAL2 	 1181
MALAT1 	 8513
MALL 	 0
MALSU1 	 0
MALT1 	 0
MAMDC2 	 0
MAMDC4 	 0
MAML1 	 0
MAML2 	 0
MAML3 	 0
MAMLD1 	 0
MAMSTR 	 0
MAN1A1 	 0
MAN1A2 	 14
MAN1B1 	 0
MAN1C1 	 0
MAN2A1 	 0
MAN2A2 	 0
MAN2B1 	 0
MAN2B2 	 0
MAN2C1 	 0
MANBA 	 0
MANBAL 	 0
MANEA 	 0
MANEAL 	 0
MANF 	 0
MANSC1 	 0
MANSC4 	 0
MAOA 	 0
MAOB 	 0
MAP1A 	 0
MAP1B 	 5816
MAP1LC3A 	 0
MAP1LC3B 	 0
MAP1LC3B2 	 0
MAP1LC3C 	 0
MAP1S 	 46
MAP2 	 443
MAP2K1 	 0
MAP2K2 	 0
MAP2K3 	 0
MAP2K4 	 0
MAP2K5 	 0
MAP2K6 	 0
MAP2K7 	 0
MAP3K1 	 0
MAP3K10 	 0
MAP3K11 	 0
MAP3K12 	 0
MAP3K13 	 0
MAP3K14 	 0
MAP3K15 	 26
MAP3K2 	 0
MAP3K3 	 0
MAP3K4 	 0
MAP3K5 	 0
MAP3K6 	 0
MAP3K7 	 0
MAP3K8 	 0
MAP3K9 	 342
MAP4 	 2
MAP4K1 	 0
MAP4K2 	 0
MAP4K3 	 0
MAP4K4 	 23
MAP4K5 	 276
MAP6 	 0
MAP6D1 	 0
MAP7 	 0
MAP7D1 	 3
MAP7D2 	 0
MAP7D3 	 0
MAP9 	 0
MAPK1 	 701
MAPK10 	 0
MAPK11 	 0
MAPK12 	 0
MAPK13 	 0
MAPK14 	 0
MAPK15 	 0
MAPK1IP1L 	 647
MAPK3 	 0
MAPK4 	 0
MAPK6 	 265
MAPK7 	 0
MAPK8 	 0
MAPK8IP1 	 55
MAPK8IP2 	 0
MAPK8IP3 	 0
MAPK9 	 0
MAPKAP1 	 0
MAPKAPK2 	 0
MAPKAPK3 	 0
MAPKAPK5 	 0
MAPKBP1 	 0
MAPRE1 	 32
MAPRE2 	 1
MAPRE3 	 0
MAPT 	 33
MAPT-AS1 	 0
MAPT-IT1 	 0
MARC1 	 0
MARC2 	 0
MARCH1 	 0
MARCH10 	 0
MARCH11 	 0
MARCH2 	 0
MARCH3 	 48
MARCH4 	 0
MARCH5 	 0
MARCH6 	 0
MARCH7 	 0
MARCH8 	 9
MARCH9 	 0
MARCKS 	 2746
MARCKSL1 	 1
MARCO 	 0
MARK1 	 0
MARK2 	 0
MARK2P9 	 0
MARK3 	 0
MARK4 	 0
MARS 	 0
MARS2 	 0
MARVELD1 	 0
MARVELD2 	 0
MARVELD3 	 0
MAS1 	 0
MASP1 	 0
MASP2 	 0
MAST1 	 0
MAST2 	 0
MAST3 	 0
MAST4 	 0
MASTL 	 0
MAT1A 	 0
MAT2A 	 0
MAT2B 	 0
MATK 	 0
MATL2963 	 0
MATN1 	 0
MATN2 	 0
MATN3 	 0
MATN4 	 0
MATR3 	 89
MAU2 	 9
MAVS 	 0
MAX 	 0
MAZ 	 0
MB 	 0
MB21D1 	 0
MB21D2 	 0
MBD1 	 0
MBD2 	 0
MBD3 	 0
MBD3L1 	 0
MBD4 	 0
MBD5 	 0
MBD6 	 0
MBIP 	 27
MBL1P 	 0
MBL2 	 0
MBLAC1 	 0
MBLAC2 	 0
MBNL1 	 0
MBNL2 	 0
MBNL3 	 0
MBOAT1 	 0
MBOAT2 	 6
MBOAT4 	 0
MBOAT7 	 74
MBP 	 0
MBTD1 	 0
MBTPS1 	 2
MBTPS2 	 0
MC1R 	 0
MC2R 	 0
MC3R 	 0
MC4R 	 0
MC5R 	 0
MCAM 	 0
MCART1 	 0
MCART2 	 0
MCART3P 	 0
MCART6 	 0
MCAT 	 0
MCC 	 1
MCCC1 	 0
MCCC2 	 0
MCEE 	 0
MCF2 	 0
MCF2L 	 1
MCF2L-AS1 	 0
MCF2L2 	 0
MCFD2 	 0
MCHR1 	 0
MCHR2 	 0
MCL1 	 0
MCM10 	 0
MCM2 	 0
MCM3 	 0
MCM3AP 	 0
MCM3AP-AS1 	 0
MCM4 	 0
MCM5 	 0
MCM6 	 0
MCM7 	 0
MCM8 	 0
MCM9 	 0
MCMBP 	 0
MCOLN1 	 0
MCOLN2 	 0
MCOLN3 	 0
MCPH1 	 0
MCRS1 	 0
MCTP1 	 19
MCTP2 	 0
MCTS1 	 1
MCU 	 9
MDC1 	 0
MDFI 	 0
MDFIC 	 0
MDGA1 	 0
MDGA2 	 0
MDH1 	 0
MDH1B 	 0
MDH2 	 0
MDK 	 0
MDM1 	 0
MDM2 	 0
MDM4 	 7
MDN1 	 63
MDP1 	 0
MDS2 	 0
ME1 	 0
ME2 	 0
ME3 	 0
MEA1 	 0
MEAF6 	 73
MECOM 	 0
MECP2 	 4
MECR 	 0
MED1 	 0
MED10 	 0
MED11 	 0
MED12 	 0
MED12L 	 0
MED13 	 0
MED13L 	 46
MED14 	 15
MED15 	 0
MED16 	 0
MED17 	 0
MED18 	 0
MED19 	 0
MED20 	 0
MED21 	 0
MED22 	 0
MED23 	 0
MED24 	 0
MED25 	 0
MED26 	 0
MED27 	 0
MED28 	 0
MED29 	 0
MED30 	 0
MED31 	 0
MED4 	 0
MED6 	 0
MED7 	 0
MED8 	 0
MED9 	 0
MEF2A 	 0
MEF2B 	 0
MEF2BNB 	 0
MEF2BNB-MEF2B 	 0
MEF2C 	 437
MEF2D 	 0
MEFV 	 1
MEG3 	 0
MEG8 	 0
MEGF10 	 0
MEGF11 	 0
MEGF6 	 12
MEGF8 	 0
MEGF9 	 0
MEI1 	 0
MEIG1 	 0
MEIS1 	 0
MEIS2 	 1
MEIS3 	 0
MEIS3P1 	 0
MELK 	 0
MEMO1 	 0
MEN1 	 0
MEOX1 	 0
MEOX2 	 0
MEP1A 	 0
MEP1B 	 0
MEPCE 	 0
MEPE 	 0
MERTK 	 0
MESDC1 	 0
MESDC2 	 0
MESP1 	 0
MESP2 	 0
MEST 	 0
MESTIT1 	 0
MET 	 0
METAP1 	 0
METAP1D 	 0
METAP2 	 0
METRN 	 0
METRNL 	 0
METTL1 	 0
METTL10 	 0
METTL11A 	 0
METTL11B 	 0
METTL12 	 0
METTL13 	 0
METTL14 	 0
METTL15 	 0
METTL16 	 0
METTL17 	 0
METTL18 	 0
METTL19 	 0
METTL20 	 0
METTL21A 	 0
METTL21B 	 0
METTL21C 	 0
METTL21CP1 	 0
METTL21D 	 0
METTL22 	 0
METTL23 	 0
METTL24 	 0
METTL2A 	 1
METTL2B 	 86
METTL3 	 0
METTL4 	 0
METTL5 	 0
METTL6 	 0
METTL7A 	 0
METTL7B 	 0
METTL8 	 0
METTL9 	 0
MEX3A 	 19
MEX3B 	 0
MEX3C 	 0
MEX3D 	 0
MFAP1 	 0
MFAP2 	 0
MFAP3 	 237
MFAP3L 	 0
MFAP4 	 0
MFAP5 	 0
MFF 	 0
MFGE8 	 0
MFHAS1 	 0
MFI2 	 0
MFI2-AS1 	 0
MFN1 	 0
MFN2 	 0
MFNG 	 0
MFSD1 	 0
MFSD10 	 0
MFSD11 	 534
MFSD12 	 0
MFSD2A 	 0
MFSD2B 	 0
MFSD3 	 0
MFSD4 	 0
MFSD5 	 0
MFSD6 	 0
MFSD6L 	 0
MFSD7 	 0
MFSD8 	 10
MFSD9 	 0
MGA 	 0
MGAM 	 0
MGAT1 	 0
MGAT2 	 0
MGAT3 	 0
MGAT4A 	 0
MGAT4B 	 0
MGAT4C 	 0
MGAT5 	 0
MGAT5B 	 0
MGC12916 	 0
MGC12982 	 0
MGC14436 	 0
MGC15885 	 0
MGC16025 	 0
MGC16121 	 0
MGC16142 	 0
MGC16275 	 0
MGC16703 	 0
MGC21881 	 0
MGC23270 	 0
MGC23284 	 0
MGC27345 	 0
MGC27382 	 0
MGC2752 	 0
MGC2889 	 0
MGC34034 	 0
MGC3771 	 0
MGC39372 	 0
MGC39584 	 0
MGC4473 	 0
MGC45800 	 0
MGC45922 	 0
MGC57346 	 0
MGC70870 	 0
MGC72080 	 0
MGEA5 	 284
MGLL 	 0
MGMT 	 0
MGP 	 0
MGRN1 	 0
MGST1 	 0
MGST2 	 0
MGST3 	 0
MIA 	 0
MIA2 	 0
MIA3 	 0
MIAT 	 36
MIB1 	 0
MIB2 	 0
MICA 	 0
MICAL1 	 3
MICAL2 	 0
MICAL3 	 0
MICALCL 	 0
MICALL1 	 0
MICALL2 	 0
MICB 	 0
MICU1 	 1
MID1 	 0
MID1IP1 	 0
MID2 	 0
MIDN 	 0
MIEN1 	 0
MIER1 	 0
MIER2 	 0
MIER3 	 0
MIF4GD 	 0
MIIP 	 0
MILR1 	 0
MIMT1 	 0
MINA 	 0
MINK1 	 0
MINOS1 	 88
MINPP1 	 298
MIOS 	 0
MIOX 	 0
MIP 	 0
MIPEP 	 0
MIPOL1 	 0
MIR1-2 	 0
MIR100 	 0
MIR100HG 	 37
MIR101-1 	 0
MIR101-2 	 0
MIR103A1 	 0
MIR103A2 	 0
MIR105-2 	 0
MIR106B 	 0
MIR107 	 0
MIR10A 	 0
MIR10B 	 0
MIR1179 	 0
MIR1185-2 	 0
MIR1193 	 0
MIR1200 	 0
MIR1203 	 0
MIR1204 	 0
MIR1206 	 0
MIR1208 	 0
MIR122 	 0
MIR1231 	 0
MIR124-1 	 0
MIR124-2 	 0
MIR1243 	 0
MIR1245A 	 0
MIR1245B 	 0
MIR1247 	 0
MIR1248 	 0
MIR1250 	 0
MIR1251 	 0
MIR1252 	 0
MIR1253 	 0
MIR1256 	 0
MIR1257 	 0
MIR125A 	 0
MIR125B1 	 0
MIR125B2 	 0
MIR126 	 0
MIR1262 	 0
MIR1264 	 0
MIR1266 	 0
MIR1272 	 0
MIR1275 	 0
MIR1276 	 0
MIR1277 	 0
MIR1278 	 0
MIR128-1 	 0
MIR128-2 	 0
MIR1280 	 0
MIR1283-1 	 0
MIR1284 	 0
MIR1286 	 0
MIR1288 	 0
MIR129-1 	 0
MIR1291 	 0
MIR1292 	 0
MIR1293 	 0
MIR1295A 	 0
MIR1296 	 0
MIR1298 	 0
MIR1304 	 0
MIR1307 	 0
MIR130A 	 0
MIR130B 	 0
MIR1322 	 0
MIR1323 	 0
MIR133A1 	 0
MIR133A2 	 0
MIR133B 	 0
MIR134 	 0
MIR1343 	 0
MIR135A2 	 0
MIR137HG 	 0
MIR138-1 	 0
MIR138-2 	 0
MIR140 	 0
MIR141 	 0
MIR142 	 0
MIR143HG 	 0
MIR1468 	 0
MIR146A 	 0
MIR1471 	 0
MIR147A 	 0
MIR148B 	 0
MIR150 	 0
MIR153-1 	 0
MIR153-2 	 0
MIR1537 	 0
MIR1539 	 0
MIR154 	 0
MIR155HG 	 0
MIR15A 	 0
MIR15B 	 0
MIR16-1 	 0
MIR16-2 	 0
MIR17HG 	 0
MIR181A1 	 0
MIR181A2 	 0
MIR181A2HG 	 0
MIR181B1 	 0
MIR181B2 	 0
MIR181C 	 0
MIR1827 	 0
MIR184 	 0
MIR186 	 0
MIR188 	 0
MIR18B 	 0
MIR190A 	 0
MIR1911 	 0
MIR1912 	 0
MIR1913 	 0
MIR1914 	 0
MIR192 	 0
MIR193B 	 0
MIR194-1 	 0
MIR194-2 	 0
MIR196A1 	 0
MIR197 	 0
MIR1973 	 0
MIR199A1 	 0
MIR199B 	 0
MIR19B2 	 0
MIR204 	 0
MIR2052 	 0
MIR2053 	 0
MIR206 	 0
MIR20B 	 0
MIR21 	 0
MIR210HG 	 0
MIR211 	 0
MIR2113 	 0
MIR2116 	 0
MIR215 	 0
MIR218-1 	 0
MIR219-2 	 0
MIR221 	 0
MIR222 	 0
MIR223 	 0
MIR2276 	 0
MIR2278 	 0
MIR22HG 	 0
MIR2355 	 0
MIR23B 	 0
MIR23C 	 0
MIR2467 	 0
MIR25 	 0
MIR2681 	 0
MIR2682 	 0
MIR26A1 	 0
MIR26A2 	 0
MIR26B 	 0
MIR27B 	 0
MIR2909 	 0
MIR296 	 0
MIR298 	 0
MIR299 	 0
MIR29A 	 0
MIR29B1 	 0
MIR29B2 	 0
MIR29C 	 0
MIR300 	 0
MIR301A 	 0
MIR302A 	 0
MIR302B 	 0
MIR302C 	 0
MIR302D 	 0
MIR3064 	 0
MIR3074 	 0
MIR30A 	 0
MIR30B 	 0
MIR30C2 	 0
MIR30D 	 0
MIR3115 	 0
MIR3117 	 0
MIR3121 	 0
MIR3122 	 0
MIR3123 	 0
MIR3124 	 0
MIR3126 	 0
MIR3128 	 0
MIR3132 	 0
MIR3134 	 0
MIR3136 	 0
MIR3140 	 0
MIR3142 	 0
MIR3143 	 0
MIR3145 	 0
MIR3146 	 0
MIR3148 	 0
MIR3151 	 0
MIR3153 	 0
MIR3155A 	 0
MIR3156-1 	 0
MIR3156-2 	 0
MIR3156-3 	 0
MIR3157 	 0
MIR3160-1 	 0
MIR3162 	 0
MIR3165 	 0
MIR3167 	 0
MIR3169 	 0
MIR3170 	 0
MIR3173 	 0
MIR3175 	 0
MIR3180-4 	 0
MIR3186 	 0
MIR3188 	 0
MIR3189 	 0
MIR3190 	 0
MIR3192 	 0
MIR3198-1 	 0
MIR3199-1 	 0
MIR31HG 	 0
MIR32 	 0
MIR3200 	 0
MIR3201 	 0
MIR320A 	 0
MIR320B2 	 0
MIR320C1 	 0
MIR320C2 	 0
MIR320D1 	 0
MIR320D2 	 0
MIR320E 	 0
MIR323A 	 0
MIR323B 	 0
MIR324 	 0
MIR326 	 0
MIR329-1 	 0
MIR329-2 	 0
MIR331 	 0
MIR335 	 0
MIR339 	 0
MIR340 	 0
MIR345 	 0
MIR34A 	 0
MIR3605 	 0
MIR3606 	 0
MIR3607 	 0
MIR3609 	 0
MIR3612 	 0
MIR3613 	 0
MIR3619 	 0
MIR3622B 	 0
MIR363 	 0
MIR3648 	 0
MIR3649 	 0
MIR3650 	 0
MIR3651 	 0
MIR3655 	 0
MIR3660 	 0
MIR3661 	 0
MIR3662 	 0
MIR3666 	 0
MIR367 	 0
MIR3671 	 0
MIR3675 	 0
MIR3676 	 0
MIR3677 	 0
MIR3679 	 0
MIR3680-1 	 0
MIR3682 	 0
MIR3684 	 0
MIR3685 	 0
MIR3687 	 0
MIR3692 	 0
MIR371A 	 0
MIR371B 	 0
MIR372 	 0
MIR373 	 0
MIR374A 	 0
MIR374B 	 4
MIR375 	 0
MIR376A2 	 0
MIR377 	 0
MIR378C 	 0
MIR378D1 	 0
MIR378D2 	 0
MIR378E 	 0
MIR378F 	 0
MIR379 	 0
MIR380 	 0
MIR381 	 0
MIR382 	 0
MIR383 	 0
MIR384 	 0
MIR3909 	 0
MIR3910-1 	 0
MIR3911 	 0
MIR3912 	 0
MIR3913-1 	 0
MIR3914-1 	 0
MIR3916 	 0
MIR3919 	 0
MIR3921 	 0
MIR3922 	 0
MIR3925 	 0
MIR3926-1 	 0
MIR3928 	 0
MIR3935 	 0
MIR3936 	 0
MIR3938 	 0
MIR3939 	 0
MIR3941 	 0
MIR3942 	 0
MIR3943 	 0
MIR3944 	 0
MIR3945 	 0
MIR3973 	 0
MIR3975 	 0
MIR3977 	 0
MIR3978 	 0
MIR411 	 0
MIR421 	 1
MIR423 	 0
MIR425 	 0
MIR4253 	 0
MIR4255 	 0
MIR4256 	 0
MIR4257 	 0
MIR4258 	 0
MIR4263 	 0
MIR4264 	 0
MIR4265 	 0
MIR4267 	 0
MIR4269 	 0
MIR4271 	 0
MIR4273 	 8
MIR4274 	 0
MIR4275 	 0
MIR4276 	 0
MIR4277 	 0
MIR4278 	 0
MIR4279 	 0
MIR4282 	 0
MIR4284 	 0
MIR4288 	 0
MIR4289 	 0
MIR4292 	 0
MIR4295 	 0
MIR4296 	 0
MIR4298 	 0
MIR4300 	 0
MIR4301 	 0
MIR4302 	 0
MIR4304 	 0
MIR4305 	 0
MIR4306 	 0
MIR4307 	 0
MIR4308 	 0
MIR4311 	 0
MIR4312 	 0
MIR4316 	 0
MIR4317 	 0
MIR4318 	 0
MIR4319 	 0
MIR4320 	 0
MIR4324 	 0
MIR4326 	 0
MIR4329 	 0
MIR4330 	 0
MIR4422 	 0
MIR4423 	 0
MIR4424 	 0
MIR4429 	 0
MIR4432 	 0
MIR4434 	 0
MIR4435-1 	 0
MIR4436A 	 0
MIR4437 	 0
MIR4439 	 0
MIR4442 	 0
MIR4444-1 	 2
MIR4446 	 0
MIR4450 	 0
MIR4451 	 0
MIR4457 	 0
MIR4460 	 0
MIR4461 	 0
MIR4462 	 0
MIR4468 	 0
MIR4470 	 0
MIR4471 	 0
MIR4472-2 	 0
MIR4473 	 0
MIR4474 	 0
MIR4476 	 0
MIR448 	 0
MIR4480 	 0
MIR4482-1 	 0
MIR4484 	 0
MIR4486 	 0
MIR4489 	 0
MIR4491 	 0
MIR4493 	 0
MIR4499 	 0
MIR449C 	 0
MIR4500 	 0
MIR4500HG 	 0
MIR4508 	 0
MIR450A2 	 0
MIR4510 	 0
MIR4511 	 0
MIR4513 	 0
MIR4514 	 0
MIR4517 	 0
MIR4519 	 0
MIR4520A 	 0
MIR4521 	 0
MIR4522 	 0
MIR4524A 	 0
MIR4526 	 0
MIR4529 	 0
MIR4530 	 0
MIR4532 	 0
MIR4533 	 0
MIR4534 	 0
MIR454 	 0
MIR455 	 0
MIR4635 	 0
MIR4636 	 0
MIR4637 	 0
MIR4639 	 0
MIR4643 	 0
MIR4644 	 0
MIR4649 	 0
MIR4652 	 0
MIR4654 	 0
MIR4655 	 0
MIR4659A 	 0
MIR4660 	 0
MIR4661 	 0
MIR4666A 	 0
MIR4668 	 0
MIR4669 	 0
MIR4670 	 0
MIR4671 	 0
MIR4675 	 0
MIR4676 	 0
MIR4677 	 0
MIR4678 	 0
MIR4679-2 	 0
MIR4681 	 0
MIR4682 	 0
MIR4684 	 0
MIR4685 	 0
MIR4689 	 0
MIR4691 	 0
MIR4692 	 0
MIR4693 	 0
MIR4694 	 0
MIR4696 	 0
MIR4698 	 0
MIR4699 	 0
MIR4703 	 0
MIR4705 	 0
MIR4706 	 0
MIR4710 	 0
MIR4711 	 0
MIR4712 	 1
MIR4714 	 0
MIR4715 	 0
MIR4716 	 0
MIR4718 	 0
MIR4720 	 0
MIR4723 	 0
MIR4725 	 0
MIR4727 	 0
MIR4728 	 0
MIR4729 	 0
MIR4730 	 0
MIR4731 	 0
MIR4732 	 0
MIR4735 	 0
MIR4737 	 0
MIR4740 	 0
MIR4742 	 0
MIR4743 	 0
MIR4744 	 0
MIR4746 	 0
MIR4748 	 0
MIR4750 	 0
MIR4752 	 0
MIR4753 	 0
MIR4754 	 0
MIR4755 	 0
MIR4756 	 0
MIR4760 	 0
MIR4762 	 0
MIR4766 	 0
MIR4774 	 0
MIR4777 	 0
MIR4782 	 0
MIR4783 	 0
MIR4786 	 0
MIR4788 	 0
MIR4789 	 0
MIR4790 	 0
MIR4791 	 0
MIR4792 	 0
MIR4793 	 0
MIR4794 	 0
MIR4796 	 0
MIR4797 	 0
MIR4799 	 0
MIR4801 	 0
MIR4802 	 0
MIR4803 	 0
MIR4804 	 0
MIR485 	 0
MIR486 	 0
MIR487A 	 0
MIR487B 	 0
MIR488 	 0
MIR489 	 0
MIR491 	 0
MIR492 	 0
MIR495 	 0
MIR496 	 0
MIR497 	 0
MIR497HG 	 0
MIR501 	 0
MIR503 	 0
MIR504 	 0
MIR5047 	 0
MIR505 	 0
MIR506 	 0
MIR508 	 0
MIR5095 	 0
MIR510 	 0
MIR514A1 	 0
MIR516A1 	 0
MIR517A 	 0
MIR517B 	 0
MIR518A2 	 0
MIR518D 	 0
MIR518E 	 0
MIR518F 	 0
MIR519A1 	 0
MIR519A2 	 0
MIR519D 	 0
MIR520B 	 0
MIR520D 	 0
MIR520E 	 0
MIR520F 	 0
MIR520G 	 0
MIR520H 	 0
MIR521-1 	 0
MIR521-2 	 0
MIR522 	 0
MIR523 	 0
MIR525 	 0
MIR526B 	 0
MIR527 	 0
MIR532 	 0
MIR541 	 0
MIR542 	 0
MIR545 	 0
MIR548A1 	 0
MIR548A2 	 0
MIR548A3 	 0
MIR548AC 	 0
MIR548AD 	 0
MIR548AE2 	 0
MIR548AI 	 0
MIR548AJ2 	 0
MIR548AN 	 0
MIR548B 	 0
MIR548F1 	 0
MIR548F2 	 0
MIR548F3 	 0
MIR548F4 	 0
MIR548F5 	 0
MIR548G 	 0
MIR548H2 	 0
MIR548H3 	 0
MIR548H4 	 0
MIR548I2 	 0
MIR548I4 	 0
MIR548K 	 0
MIR548N 	 0
MIR548O2 	 0
MIR548Q 	 0
MIR548T 	 0
MIR548W 	 0
MIR548X 	 0
MIR548Y 	 0
MIR549 	 0
MIR550A3 	 0
MIR551A 	 0
MIR551B 	 0
MIR553 	 0
MIR555 	 0
MIR556 	 0
MIR558 	 0
MIR559 	 0
MIR561 	 0
MIR563 	 0
MIR564 	 0
MIR567 	 0
MIR568 	 0
MIR569 	 0
MIR570 	 0
MIR572 	 0
MIR573 	 0
MIR575 	 0
MIR578 	 0
MIR580 	 0
MIR581 	 0
MIR583 	 0
MIR586 	 0
MIR590 	 0
MIR591 	 0
MIR592 	 0
MIR593 	 0
MIR595 	 0
MIR597 	 0
MIR598 	 0
MIR599 	 0
MIR600HG 	 0
MIR601 	 0
MIR602 	 0
MIR603 	 0
MIR604 	 0
MIR605 	 0
MIR608 	 0
MIR610 	 0
MIR611 	 0
MIR612 	 0
MIR614 	 0
MIR618 	 0
MIR620 	 0
MIR622 	 0
MIR623 	 0
MIR624 	 0
MIR626 	 0
MIR627 	 0
MIR628 	 0
MIR629 	 0
MIR630 	 0
MIR631 	 0
MIR632 	 0
MIR635 	 0
MIR636 	 0
MIR637 	 0
MIR639 	 0
MIR642A 	 0
MIR643 	 0
MIR644A 	 0
MIR645 	 0
MIR647 	 0
MIR648 	 0
MIR651 	 0
MIR654 	 0
MIR655 	 0
MIR656 	 0
MIR659 	 0
MIR663B 	 0
MIR664 	 0
MIR665 	 0
MIR668 	 0
MIR670 	 0
MIR676 	 0
MIR7-1 	 0
MIR7-2 	 0
MIR7-3 	 0
MIR7-3HG 	 0
MIR708 	 0
MIR711 	 0
MIR744 	 0
MIR758 	 0
MIR760 	 0
MIR761 	 0
MIR765 	 0
MIR766 	 0
MIR770 	 0
MIR873 	 0
MIR874 	 0
MIR875 	 0
MIR876 	 0
MIR885 	 0
MIR889 	 0
MIR890 	 0
MIR891A 	 0
MIR891B 	 0
MIR892A 	 0
MIR892B 	 0
MIR9-1 	 0
MIR920 	 0
MIR921 	 0
MIR92A2 	 0
MIR93 	 0
MIR933 	 0
MIR934 	 0
MIR938 	 0
MIR940 	 0
MIR942 	 0
MIR98 	 0
MIR99A 	 0
MIRLET7A1 	 0
MIRLET7A2 	 0
MIRLET7BHG 	 0
MIRLET7C 	 0
MIRLET7D 	 0
MIRLET7E 	 0
MIRLET7F1 	 0
MIRLET7F2 	 0
MIRLET7G 	 0
MIRLET7I 	 0
MIS12 	 0
MIS18A 	 0
MIS18BP1 	 62
MITD1 	 0
MITF 	 0
MIXL1 	 0
MKI67 	 0
MKI67IP 	 0
MKKS 	 0
MKL1 	 0
MKL2 	 0
MKLN1 	 81
MKNK1 	 0
MKNK2 	 0
MKRN1 	 0
MKRN2 	 0
MKRN3 	 0
MKRN7P 	 0
MKRN9P 	 0
MKS1 	 0
MKX 	 0
MLANA 	 0
MLC1 	 0
MLEC 	 0
MLF1 	 0
MLF1IP 	 0
MLF2 	 257
MLH1 	 140
MLH3 	 0
MLIP 	 0
MLK7-AS1 	 0
MLKL 	 0
MLL 	 0
MLL2 	 0
MLL3 	 438
MLL4 	 0
MLL5 	 0
MLLT1 	 0
MLLT10 	 0
MLLT10P1 	 0
MLLT11 	 1486
MLLT3 	 495
MLLT4 	 17
MLLT4-AS1 	 0
MLLT6 	 0
MLN 	 0
MLNR 	 0
MLPH 	 0
MLST8 	 0
MLX 	 0
MLXIP 	 0
MLXIPL 	 0
MLYCD 	 0
MMAA 	 0
MMAB 	 0
MMACHC 	 0
MMADHC 	 831
MMD 	 0
MMD2 	 0
MME 	 0
MMEL1 	 0
MMGT1 	 0
MMP1 	 0
MMP10 	 0
MMP11 	 0
MMP12 	 0
MMP13 	 0
MMP14 	 0
MMP15 	 0
MMP16 	 0
MMP17 	 0
MMP19 	 0
MMP2 	 0
MMP20 	 0
MMP21 	 0
MMP23A 	 0
MMP23B 	 0
MMP24 	 0
MMP25 	 0
MMP26 	 0
MMP27 	 0
MMP28 	 0
MMP3 	 0
MMP7 	 0
MMP8 	 0
MMP9 	 0
MMRN1 	 0
MMRN2 	 0
MMS19 	 0
MMS22L 	 0
MN1 	 128
MNAT1 	 1
MND1 	 0
MNDA 	 0
MNF1 	 0
MNS1 	 0
MNT 	 0
MNX1 	 0
MOAP1 	 0
MOB1A 	 0
MOB1B 	 3
MOB2 	 0
MOB3A 	 0
MOB3B 	 0
MOB3C 	 0
MOB4 	 0
MOBP 	 0
MOCOS 	 0
MOCS1 	 0
MOCS2 	 0
MOCS3 	 0
MOG 	 0
MOGAT1 	 0
MOGAT2 	 0
MOGAT3 	 0
MOGS 	 0
MOK 	 46
MON1A 	 0
MON1B 	 0
MON2 	 644
MORC1 	 0
MORC2 	 0
MORC2-AS1 	 0
MORC3 	 433
MORC4 	 0
MORF4L1 	 1083
MORF4L2 	 30
MORN1 	 0
MORN2 	 0
MORN3 	 0
MORN4 	 65
MORN5 	 0
MOS 	 0
MOSPD1 	 0
MOSPD2 	 0
MOSPD3 	 0
MOV10 	 0
MOV10L1 	 0
MOXD1 	 0
MOXD2P 	 0
MPDU1 	 1
MPDZ 	 0
MPEG1 	 0
MPG 	 0
MPHOSPH10 	 274
MPHOSPH6 	 0
MPHOSPH8 	 1
MPHOSPH9 	 0
MPI 	 0
MPL 	 0
MPND 	 0
MPO 	 0
MPP1 	 0
MPP2 	 0
MPP3 	 0
MPP4 	 0
MPP5 	 0
MPP6 	 0
MPP7 	 0
MPPE1 	 0
MPPED1 	 0
MPPED2 	 0
MPRIP 	 0
MPST 	 0
MPV17 	 0
MPV17L 	 14
MPV17L2 	 0
MPZ 	 0
MPZL1 	 1
MPZL2 	 0
MPZL3 	 0
MR1 	 0
MRAP 	 0
MRAP2 	 0
MRAS 	 0
MRC1 	 0
MRC2 	 0
MRE11A 	 0
MREG 	 0
MRFAP1 	 0
MRFAP1L1 	 0
MRGPRD 	 0
MRGPRE 	 0
MRGPRF 	 0
MRGPRX1 	 0
MRGPRX2 	 0
MRGPRX3 	 0
MRGPRX4 	 0
MRI1 	 0
MRM1 	 0
MRO 	 0
MRP63 	 0
MRPL1 	 8
MRPL10 	 0
MRPL11 	 0
MRPL12 	 0
MRPL13 	 0
MRPL14 	 40
MRPL15 	 0
MRPL16 	 0
MRPL17 	 0
MRPL18 	 0
MRPL19 	 0
MRPL2 	 0
MRPL20 	 5
MRPL21 	 0
MRPL22 	 0
MRPL23 	 0
MRPL23-AS1 	 0
MRPL24 	 0
MRPL27 	 0
MRPL28 	 0
MRPL3 	 0
MRPL30 	 0
MRPL32 	 0
MRPL33 	 0
MRPL34 	 0
MRPL35 	 0
MRPL36 	 72
MRPL37 	 113
MRPL38 	 1
MRPL39 	 0
MRPL4 	 0
MRPL40 	 160
MRPL41 	 0
MRPL42 	 941
MRPL42P5 	 0
MRPL43 	 99
MRPL44 	 0
MRPL45 	 0
MRPL45P2 	 0
MRPL46 	 3
MRPL47 	 0
MRPL48 	 0
MRPL49 	 0
MRPL50 	 0
MRPL51 	 0
MRPL52 	 0
MRPL53 	 0
MRPL54 	 0
MRPL55 	 0
MRPL9 	 0
MRPS10 	 0
MRPS11 	 0
MRPS12 	 0
MRPS14 	 0
MRPS15 	 0
MRPS16 	 0
MRPS17 	 0
MRPS18A 	 0
MRPS18B 	 0
MRPS18C 	 0
MRPS2 	 0
MRPS21 	 0
MRPS22 	 0
MRPS23 	 0
MRPS24 	 0
MRPS25 	 9
MRPS26 	 0
MRPS27 	 1
MRPS28 	 0
MRPS30 	 0
MRPS31 	 0
MRPS33 	 33
MRPS34 	 0
MRPS35 	 0
MRPS36 	 23
MRPS5 	 0
MRPS6 	 0
MRPS7 	 0
MRPS9 	 0
MRRF 	 0
MRS2 	 0
MRS2P2 	 0
MRTO4 	 0
MRVI1 	 0
MRVI1-AS1 	 0
MS4A1 	 0
MS4A10 	 0
MS4A12 	 0
MS4A13 	 0
MS4A14 	 0
MS4A15 	 0
MS4A2 	 0
MS4A3 	 0
MS4A4A 	 0
MS4A5 	 0
MS4A6A 	 0
MS4A6E 	 0
MS4A7 	 0
MS4A8B 	 0
MSC 	 0
MSH2 	 0
MSH3 	 0
MSH4 	 0
MSH6 	 0
MSI1 	 0
MSI2 	 0
MSL1 	 91
MSL2 	 511
MSL3 	 0
MSL3P1 	 0
MSLN 	 0
MSLNL 	 0
MSMB 	 0
MSMO1 	 58
MSMP 	 0
MSN 	 0
MSR1 	 0
MSRA 	 0
MSRB2 	 0
MSRB3 	 0
MSS51 	 0
MST1 	 0
MST1P2 	 0
MST1P9 	 0
MST1R 	 0
MST4 	 0
MSTN 	 0
MSTO1 	 0
MSTO2P 	 0
MSX1 	 0
MSX2 	 0
MSX2P1 	 0
MT1A 	 0
MT1B 	 0
MT1DP 	 0
MT1E 	 0
MT1F 	 0
MT1G 	 0
MT1H 	 0
MT1IP 	 0
MT1JP 	 0
MT1L 	 0
MT1M 	 0
MT1X 	 0
MT2A 	 0
MT3 	 0
MT4 	 0
MTA1 	 0
MTA2 	 0
MTA3 	 16
MTAP 	 0
MTBP 	 0
MTCH1 	 0
MTCH2 	 0
MTCP1 	 0
MTCP1NB 	 0
MTDH 	 0
MTERF 	 0
MTERFD1 	 0
MTERFD2 	 0
MTERFD3 	 0
MTF1 	 0
MTF2 	 1
MTFMT 	 0
MTFP1 	 0
MTFR1 	 0
MTG1 	 0
MTHFD1 	 0
MTHFD1L 	 0
MTHFD2 	 57
MTHFD2L 	 0
MTHFR 	 0
MTHFS 	 0
MTHFSD 	 0
MTIF2 	 0
MTIF3 	 0
MTL5 	 0
MTM1 	 0
MTMR1 	 0
MTMR10 	 0
MTMR11 	 0
MTMR12 	 0
MTMR14 	 0
MTMR2 	 0
MTMR3 	 0
MTMR4 	 0
MTMR6 	 0
MTMR7 	 130
MTMR8 	 0
MTMR9 	 0
MTMR9LP 	 0
MTNR1A 	 0
MTNR1B 	 0
MTO1 	 0
MTOR 	 126
MTPAP 	 0
MTR 	 0
MTRF1 	 0
MTRF1L 	 0
MTRNR2L1 	 1
MTRNR2L10 	 0
MTRNR2L2 	 0
MTRNR2L3 	 0
MTRNR2L4 	 0
MTRNR2L5 	 0
MTRNR2L6 	 1
MTRNR2L7 	 0
MTRNR2L8 	 0
MTRR 	 0
MTSS1 	 1
MTSS1L 	 0
MTTP 	 0
MTUS1 	 0
MTUS2 	 0
MTVR2 	 0
MTX1 	 0
MTX2 	 0
MTX3 	 0
MUC1 	 0
MUC12 	 0
MUC13 	 0
MUC15 	 0
MUC16 	 0
MUC17 	 0
MUC2 	 0
MUC20 	 0
MUC22 	 0
MUC4 	 0
MUC5B 	 0
MUC6 	 0
MUC7 	 0
MUCL1 	 0
MUDENG 	 1
MUL1 	 0
MUM1 	 0
MUM1L1 	 0
MURC 	 0
MUS81 	 0
MUSK 	 0
MUSTN1 	 0
MUT 	 0
MUTED 	 0
MUTYH 	 0
MVD 	 0
MVK 	 0
MVP 	 0
MX1 	 0
MX2 	 0
MXD1 	 0
MXD3 	 0
MXD4 	 0
MXI1 	 0
MXRA5 	 0
MXRA7 	 0
MXRA8 	 0
MYADM 	 0
MYADML 	 0
MYADML2 	 0
MYB 	 0
MYBBP1A 	 0
MYBL1 	 0
MYBL2 	 0
MYBPC1 	 0
MYBPC2 	 0
MYBPC3 	 0
MYBPH 	 0
MYBPHL 	 0
MYC 	 0
MYCBP 	 0
MYCBP2 	 0
MYCBPAP 	 0
MYCL1 	 0
MYCN 	 1
MYCNOS 	 0
MYCT1 	 0
MYD88 	 0
MYEF2 	 420
MYEOV 	 0
MYEOV2 	 0
MYF5 	 0
MYF6 	 0
MYH1 	 0
MYH10 	 0
MYH11 	 0
MYH13 	 0
MYH14 	 0
MYH15 	 0
MYH16 	 0
MYH2 	 0
MYH3 	 0
MYH4 	 0
MYH6 	 0
MYH7 	 0
MYH7B 	 0
MYH8 	 0
MYH9 	 0
MYL1 	 0
MYL10 	 0
MYL12A 	 0
MYL12B 	 31
MYL2 	 0
MYL3 	 0
MYL4 	 0
MYL5 	 0
MYL6 	 63
MYL6B 	 0
MYL7 	 0
MYL9 	 0
MYLIP 	 0
MYLK 	 0
MYLK-AS1 	 0
MYLK2 	 0
MYLK3 	 0
MYLK4 	 0
MYLPF 	 0
MYNN 	 2
MYO10 	 0
MYO15A 	 0
MYO15B 	 0
MYO16 	 0
MYO18A 	 0
MYO18B 	 0
MYO19 	 0
MYO1A 	 0
MYO1B 	 0
MYO1C 	 0
MYO1D 	 0
MYO1E 	 0
MYO1F 	 0
MYO1G 	 0
MYO1H 	 0
MYO3A 	 0
MYO3B 	 0
MYO5A 	 0
MYO5B 	 0
MYO5C 	 0
MYO6 	 0
MYO7A 	 0
MYO7B 	 0
MYO9A 	 0
MYO9B 	 0
MYOC 	 0
MYOCD 	 0
MYOD1 	 0
MYOF 	 0
MYOG 	 0
MYOM1 	 0
MYOM2 	 0
MYOM3 	 0
MYOT 	 0
MYOZ1 	 0
MYOZ2 	 0
MYOZ3 	 0
MYPN 	 0
MYPOP 	 0
MYRIP 	 0
MYSM1 	 0
MYT1 	 0
MYT1L 	 0
MYZAP 	 0
MZB1 	 0
MZF1 	 0
MZT1 	 0
MZT2A 	 1
MZT2B 	 0
N4BP1 	 0
N4BP2 	 0
N4BP2L1 	 0
N4BP2L2 	 0
N4BP3 	 0
N6AMT1 	 0
N6AMT2 	 0
NAA10 	 0
NAA11 	 0
NAA15 	 234
NAA16 	 448
NAA20 	 0
NAA25 	 11
NAA30 	 0
NAA35 	 0
NAA38 	 0
NAA40 	 0
NAA50 	 0
NAA60 	 0
NAAA 	 2
NAALAD2 	 0
NAALADL1 	 0
NAALADL2 	 0
NAB1 	 0
NAB2 	 0
NACA 	 403
NACA2 	 4
NACAD 	 0
NACAP1 	 0
NACC1 	 0
NACC2 	 0
NADK 	 0
NADKD1 	 13
NADSYN1 	 0
NAE1 	 622
NAF1 	 0
NAGA 	 0
NAGK 	 0
NAGLU 	 0
NAGPA 	 0
NAGS 	 0
NAIF1 	 0
NAIP 	 0
NALCN 	 0
NAMPT 	 0
NANOG 	 0
NANOGNB 	 0
NANOS1 	 0
NANOS2 	 0
NANOS3 	 0
NANP 	 0
NANS 	 0
NAP1L1 	 375
NAP1L2 	 644
NAP1L3 	 1
NAP1L4 	 7
NAP1L5 	 0
NAP1L6 	 0
NAPA 	 0
NAPB 	 1
NAPEPLD 	 0
NAPG 	 0
NAPRT1 	 0
NAPSA 	 0
NAPSB 	 0
NARF 	 0
NARFL 	 0
NARG2 	 0
NARS 	 0
NARS2 	 0
NASP 	 0
NAT1 	 0
NAT10 	 0
NAT14 	 0
NAT16 	 0
NAT2 	 0
NAT6 	 0
NAT8 	 0
NAT8B 	 0
NAT8L 	 0
NAT9 	 0
NAV1 	 146
NAV2 	 0
NAV2-AS4 	 0
NAV3 	 0
NBAS 	 0
NBEA 	 3
NBEAL1 	 0
NBEAL2 	 0
NBEAP1 	 0
NBL1 	 0
NBLA00301 	 0
NBN 	 0
NBPF1 	 0
NBPF10 	 0
NBPF14 	 0
NBPF15 	 0
NBPF16 	 0
NBPF22P 	 0
NBPF24 	 0
NBPF3 	 0
NBPF4 	 0
NBPF6 	 0
NBPF7 	 0
NBPF9 	 0
NBR1 	 0
NBR2 	 0
NCALD 	 240
NCAM1 	 3
NCAM2 	 0
NCAN 	 0
NCAPD2 	 0
NCAPD3 	 0
NCAPG 	 0
NCAPG2 	 0
NCAPH 	 0
NCAPH2 	 0
NCBP1 	 0
NCBP2 	 1
NCCRP1 	 0
NCDN 	 0
NCEH1 	 0
NCF1 	 0
NCF1B 	 0
NCF1C 	 0
NCF2 	 0
NCF4 	 0
NCK1 	 0
NCK2 	 0
NCKAP1 	 217
NCKAP1L 	 0
NCKAP5 	 0
NCKAP5L 	 0
NCKIPSD 	 0
NCL 	 0
NCLN 	 0
NCOA1 	 0
NCOA2 	 169
NCOA3 	 0
NCOA4 	 821
NCOA5 	 0
NCOA6 	 1
NCOA7 	 0
NCOR1 	 92
NCOR1P1 	 0
NCOR2 	 0
NCR1 	 0
NCR2 	 0
NCRNA00185 	 0
NCRUPAR 	 0
NCS1 	 0
NCSTN 	 0
NDC80 	 0
NDE1 	 0
NDEL1 	 0
NDFIP1 	 77
NDFIP2 	 0
NDN 	 0
NDNF 	 0
NDNL2 	 0
NDOR1 	 0
NDP 	 0
NDRG1 	 2
NDRG2 	 0
NDRG3 	 0
NDRG4 	 0
NDST1 	 0
NDST2 	 0
NDST3 	 0
NDST4 	 0
NDUFA1 	 0
NDUFA10 	 0
NDUFA11 	 3
NDUFA12 	 0
NDUFA13 	 98
NDUFA2 	 0
NDUFA3 	 0
NDUFA4 	 85
NDUFA4L2 	 0
NDUFA5 	 749
NDUFA6 	 1
NDUFA7 	 0
NDUFA8 	 0
NDUFA9 	 0
NDUFAB1 	 0
NDUFAF1 	 0
NDUFAF2 	 85
NDUFAF3 	 35
NDUFAF4 	 0
NDUFB1 	 43
NDUFB10 	 0
NDUFB11 	 14
NDUFB2 	 0
NDUFB3 	 0
NDUFB4 	 24
NDUFB5 	 0
NDUFB6 	 0
NDUFB7 	 0
NDUFB8 	 88
NDUFB9 	 0
NDUFC1 	 0
NDUFC2 	 53
NDUFC2-KCTD14 	 0
NDUFS1 	 0
NDUFS2 	 0
NDUFS3 	 0
NDUFS4 	 24
NDUFS5 	 142
NDUFS6 	 0
NDUFS7 	 0
NDUFS8 	 0
NDUFV1 	 0
NDUFV2 	 118
NDUFV3 	 0
NEAT1 	 0
NEB 	 0
NEBL 	 0
NECAB1 	 0
NECAB2 	 0
NECAB3 	 0
NECAP1 	 504
NECAP2 	 60
NEDD1 	 0
NEDD4 	 0
NEDD4L 	 745
NEDD8 	 0
NEDD8-MDP1 	 0
NEDD9 	 0
NEFH 	 0
NEFL 	 0
NEFM 	 0
NEGR1 	 0
NEGR1-IT1 	 0
NEIL1 	 108
NEIL2 	 0
NEIL3 	 0
NEK1 	 1
NEK10 	 0
NEK11 	 0
NEK2 	 0
NEK3 	 0
NEK4 	 0
NEK5 	 0
NEK6 	 0
NEK7 	 0
NEK8 	 0
NEK9 	 0
NELF 	 0
NELL1 	 0
NELL2 	 6
NEMF 	 0
NENF 	 0
NEO1 	 0
NES 	 0
NET1 	 0
NETO1 	 0
NETO2 	 33
NEU2 	 0
NEU3 	 0
NEU4 	 0
NEURL 	 0
NEURL1B 	 0
NEURL2 	 0
NEURL3 	 0
NEURL4 	 0
NEUROD1 	 0
NEUROD2 	 33
NEUROD4 	 0
NEUROD6 	 498
NEUROG1 	 0
NEUROG2 	 0
NEUROG3 	 0
NEXN 	 0
NF1 	 0
NF1P2 	 0
NF2 	 0
NFAM1 	 0
NFASC 	 0
NFAT5 	 0
NFATC1 	 0
NFATC2 	 0
NFATC2IP 	 0
NFATC3 	 0
NFATC4 	 0
NFE2 	 0
NFE2L1 	 0
NFE2L2 	 0
NFE2L3 	 0
NFIA 	 209
NFIB 	 2580
NFIC 	 0
NFIL3 	 1
NFIX 	 0
NFKB1 	 0
NFKB2 	 0
NFKBIA 	 0
NFKBIB 	 0
NFKBID 	 0
NFKBIE 	 0
NFKBIL1 	 0
NFKBIZ 	 0
NFRKB 	 0
NFS1 	 0
NFU1 	 0
NFX1 	 0
NFXL1 	 0
NFYA 	 0
NFYB 	 0
NFYC 	 0
NGB 	 0
NGDN 	 10
NGEF 	 0
NGF 	 0
NGFR 	 0
NGFRAP1 	 66
NGLY1 	 0
NGRN 	 0
NHEG1 	 0
NHEJ1 	 0
NHLH1 	 0
NHLH2 	 0
NHLRC1 	 0
NHLRC2 	 0
NHLRC3 	 0
NHLRC4 	 0
NHP2 	 175
NHP2L1 	 171
NHS 	 0
NHSL1 	 833
NHSL2 	 0
NICN1 	 0
NID1 	 0
NID2 	 0
NIF3L1 	 0
NIM1 	 0
NIN 	 43
NINJ1 	 0
NINJ2 	 0
NINL 	 0
NIP7 	 42
NIPA1 	 0
NIPA2 	 0
NIPAL1 	 0
NIPAL2 	 0
NIPAL3 	 0
NIPAL4 	 0
NIPBL 	 61
NIPSNAP1 	 0
NIPSNAP3A 	 0
NIPSNAP3B 	 0
NISCH 	 0
NIT1 	 0
NIT2 	 0
NKAIN1 	 0
NKAIN2 	 0
NKAIN3 	 0
NKAIN4 	 0
NKAP 	 0
NKAPL 	 0
NKAPP1 	 0
NKD1 	 0
NKD2 	 0
NKG7 	 0
NKIRAS1 	 0
NKIRAS2 	 0
NKPD1 	 0
NKRF 	 0
NKTR 	 245
NKX1-2 	 0
NKX2-1 	 0
NKX2-2 	 0
NKX2-3 	 0
NKX2-4 	 0
NKX2-5 	 0
NKX2-6 	 0
NKX2-8 	 0
NKX3-1 	 0
NKX3-2 	 0
NKX6-2 	 0
NKX6-3 	 0
NLE1 	 0
NLGN1 	 0
NLGN2 	 0
NLGN3 	 0
NLGN4X 	 0
NLGN4Y 	 0
NLK 	 0
NLN 	 21
NLRC3 	 0
NLRC4 	 0
NLRC5 	 0
NLRP1 	 0
NLRP10 	 0
NLRP11 	 0
NLRP12 	 0
NLRP13 	 0
NLRP14 	 0
NLRP2 	 0
NLRP3 	 0
NLRP4 	 0
NLRP5 	 0
NLRP6 	 0
NLRP7 	 0
NLRP8 	 0
NLRP9 	 0
NLRX1 	 0
NMB 	 0
NMBR 	 0
NMD3 	 0
NME1 	 0
NME1-NME2 	 1
NME2 	 0
NME3 	 0
NME4 	 0
NME5 	 0
NME6 	 0
NME7 	 0
NME9 	 0
NMI 	 0
NMNAT1 	 0
NMNAT2 	 1
NMNAT3 	 0
NMRAL1 	 0
NMS 	 0
NMT1 	 0
NMT2 	 0
NMU 	 0
NMUR1 	 0
NMUR2 	 0
NNAT 	 40
NNMT 	 0
NNT 	 1
NOA1 	 0
NOB1 	 1
NOBOX 	 0
NOC2L 	 27
NOC3L 	 0
NOC4L 	 0
NOD1 	 0
NOD2 	 0
NODAL 	 0
NOG 	 0
NOL10 	 0
NOL11 	 0
NOL12 	 0
NOL3 	 0
NOL4 	 0
NOL6 	 0
NOL7 	 0
NOL8 	 0
NOL9 	 0
NOLC1 	 0
NOM1 	 0
NOMO1 	 0
NOMO2 	 0
NOMO3 	 0
NONO 	 0
NOP10 	 0
NOP14 	 0
NOP14-AS1 	 0
NOP16 	 1
NOP2 	 1
NOP56 	 0
NOP58 	 0
NOS1 	 0
NOS1AP 	 76
NOS2 	 0
NOS3 	 0
NOSIP 	 0
NOSTRIN 	 0
NOTCH1 	 0
NOTCH2 	 0
NOTCH2NL 	 0
NOTCH3 	 0
NOTCH4 	 0
NOTUM 	 0
NOV 	 0
NOVA1 	 50
NOVA2 	 0
NOX1 	 0
NOX3 	 0
NOX4 	 0
NOX5 	 0
NOXA1 	 0
NOXO1 	 0
NOXRED1 	 0
NPAS1 	 0
NPAS2 	 0
NPAS3 	 0
NPAS4 	 0
NPAT 	 5
NPB 	 0
NPBWR1 	 0
NPBWR2 	 0
NPC1 	 0
NPC1L1 	 0
NPC2 	 0
NPDC1 	 0
NPEPL1 	 0
NPEPPS 	 0
NPFF 	 0
NPFFR1 	 0
NPFFR2 	 0
NPHP1 	 0
NPHP3 	 0
NPHP3-ACAD11 	 0
NPHP3-AS1 	 0
NPHP4 	 0
NPHS1 	 0
NPHS2 	 0
NPIP 	 5
NPIPL3 	 0
NPL 	 0
NPLOC4 	 35
NPM1 	 76
NPM2 	 0
NPM3 	 0
NPNT 	 0
NPPA 	 0
NPPA-AS1 	 0
NPPB 	 0
NPPC 	 0
NPR1 	 0
NPR2 	 0
NPR3 	 0
NPRL2 	 0
NPRL3 	 0
NPS 	 0
NPSR1 	 0
NPTN 	 0
NPTX1 	 173
NPTX2 	 0
NPTXR 	 0
NPVF 	 0
NPW 	 0
NPY 	 0
NPY1R 	 0
NPY2R 	 0
NPY5R 	 0
NPY6R 	 0
NQO1 	 0
NQO2 	 0
NR0B1 	 0
NR0B2 	 0
NR1D1 	 0
NR1D2 	 0
NR1H2 	 0
NR1H3 	 0
NR1H4 	 0
NR1I2 	 0
NR1I3 	 0
NR2C1 	 0
NR2C2 	 21
NR2C2AP 	 0
NR2E1 	 0
NR2E3 	 0
NR2F1 	 0
NR2F2 	 0
NR2F6 	 0
NR3C1 	 0
NR3C2 	 0
NR4A1 	 0
NR4A2 	 0
NR4A3 	 0
NR5A1 	 0
NR5A2 	 0
NR6A1 	 0
NRADDP 	 0
NRAP 	 0
NRARP 	 0
NRAS 	 0
NRBF2 	 0
NRBP1 	 0
NRBP2 	 45
NRCAM 	 0
NRD1 	 2
NREP 	 709
NRF1 	 0
NRG1 	 0
NRG2 	 0
NRG3 	 12
NRG4 	 0
NRGN 	 0
NRIP1 	 0
NRIP2 	 0
NRIP3 	 0
NRK 	 0
NRL 	 0
NRN1 	 0
NRN1L 	 0
NRON 	 0
NRP1 	 0
NRP2 	 0
NRSN1 	 0
NRSN2 	 0
NRTN 	 0
NRXN1 	 480
NRXN2 	 0
NRXN3 	 0
NS3BP 	 0
NSA2 	 58
NSD1 	 0
NSDHL 	 0
NSF 	 0
NSFL1C 	 0
NSFP1 	 0
NSL1 	 0
NSMAF 	 0
NSMCE1 	 0
NSMCE2 	 0
NSMCE4A 	 0
NSRP1 	 0
NSUN2 	 0
NSUN3 	 37
NSUN4 	 0
NSUN5 	 0
NSUN5P1 	 0
NSUN5P2 	 0
NSUN6 	 52
NSUN7 	 0
NT5C 	 0
NT5C1A 	 0
NT5C1B 	 0
NT5C2 	 9
NT5C3 	 0
NT5C3L 	 1
NT5DC1 	 0
NT5DC2 	 0
NT5DC3 	 0
NT5E 	 0
NT5M 	 0
NTAN1 	 0
NTF3 	 0
NTF4 	 0
NTHL1 	 0
NTM 	 0
NTN1 	 0
NTN3 	 0
NTN4 	 0
NTN5 	 0
NTNG1 	 0
NTNG2 	 0
NTPCR 	 0
NTRK1 	 0
NTRK2 	 0
NTRK3 	 0
NTS 	 0
NTSR1 	 0
NTSR2 	 0
NUAK1 	 418
NUAK2 	 0
NUB1 	 0
NUBP1 	 0
NUBP2 	 1
NUBPL 	 0
NUCB1 	 0
NUCB2 	 0
NUCKS1 	 48
NUDC 	 0
NUDCD1 	 0
NUDCD2 	 0
NUDCD3 	 0
NUDT1 	 0
NUDT10 	 0
NUDT11 	 0
NUDT12 	 0
NUDT13 	 0
NUDT14 	 0
NUDT15 	 0
NUDT16 	 0
NUDT16L1 	 0
NUDT16P1 	 0
NUDT17 	 0
NUDT18 	 0
NUDT19 	 0
NUDT2 	 0
NUDT21 	 462
NUDT22 	 0
NUDT3 	 0
NUDT4 	 0
NUDT5 	 0
NUDT6 	 0
NUDT7 	 0
NUDT8 	 0
NUDT9 	 0
NUDT9P1 	 0
NUF2 	 0
NUFIP1 	 0
NUFIP2 	 4
NUMA1 	 0
NUMB 	 0
NUMBL 	 0
NUP107 	 207
NUP133 	 0
NUP153 	 0
NUP155 	 0
NUP160 	 0
NUP188 	 0
NUP205 	 0
NUP210 	 0
NUP210L 	 0
NUP210P1 	 0
NUP214 	 2
NUP35 	 0
NUP37 	 0
NUP43 	 0
NUP50 	 78
NUP54 	 2
NUP62 	 8
NUP62CL 	 0
NUP85 	 308
NUP88 	 0
NUP93 	 0
NUP98 	 0
NUPL1 	 0
NUPL2 	 0
NUPR1 	 0
NUS1 	 0
NUSAP1 	 0
NUTF2 	 0
NVL 	 0
NWD1 	 0
NXF1 	 0
NXF3 	 0
NXF4 	 0
NXF5 	 0
NXN 	 0
NXNL1 	 0
NXNL2 	 0
NXPH1 	 0
NXPH2 	 0
NXPH3 	 0
NXPH4 	 0
NXT1 	 0
NXT2 	 0
NYAP1 	 0
NYAP2 	 0
NYNRIN 	 0
NYX 	 0
O3FAR1 	 0
OAF 	 0
OAS1 	 0
OAS2 	 0
OAS3 	 0
OASL 	 0
OAT 	 0
OAZ1 	 27
OAZ2 	 109
OAZ3 	 0
OBFC1 	 0
OBFC2A 	 0
OBFC2B 	 0
OBP2A 	 0
OBP2B 	 0
OBSCN 	 0
OBSL1 	 0
OC90 	 0
OCA2 	 0
OCEL1 	 0
OCIAD1 	 21
OCIAD2 	 13
OCLM 	 0
OCLN 	 0
OCM 	 0
OCM2 	 0
OCRL 	 0
ODAM 	 0
ODC1 	 0
ODF1 	 0
ODF2 	 9
ODF2L 	 91
ODF3 	 0
ODF3B 	 0
ODF3L1 	 0
ODF3L2 	 0
ODF4 	 0
ODZ1 	 3
ODZ2 	 0
ODZ3 	 0
ODZ4 	 0
OFD1 	 0
OGDH 	 6
OGDHL 	 0
OGFOD1 	 129
OGFOD2 	 0
OGFR 	 0
OGFRL1 	 0
OGG1 	 0
OGN 	 0
OGT 	 0
OIP5 	 0
OIP5-AS1 	 0
OIT3 	 0
OLA1 	 0
OLAH 	 0
OLFM1 	 254
OLFM2 	 0
OLFM3 	 0
OLFM4 	 0
OLFML1 	 0
OLFML2A 	 0
OLFML2B 	 0
OLFML3 	 0
OLIG1 	 0
OLIG2 	 0
OLR1 	 0
OMA1 	 0
OMD 	 0
OMG 	 0
OMP 	 0
ONECUT1 	 0
ONECUT2 	 0
ONECUT3 	 0
OOEP 	 0
OPA1 	 16
OPA3 	 0
OPALIN 	 0
OPCML 	 0
OPHN1 	 0
OPLAH 	 0
OPN1LW 	 0
OPN1MW 	 0
OPN1SW 	 0
OPN3 	 0
OPN4 	 0
OPN5 	 0
OPRD1 	 0
OPRK1 	 0
OPRL1 	 0
OPRM1 	 0
OPTC 	 0
OPTN 	 0
OR10A2 	 0
OR10A3 	 0
OR10A4 	 0
OR10A5 	 0
OR10A6 	 0
OR10A7 	 0
OR10AD1 	 0
OR10AG1 	 0
OR10G2 	 0
OR10G3 	 0
OR10G4 	 0
OR10G7 	 0
OR10G8 	 0
OR10G9 	 0
OR10H1 	 0
OR10H2 	 0
OR10H3 	 0
OR10H4 	 0
OR10H5 	 0
OR10J1 	 0
OR10J3 	 0
OR10J5 	 0
OR10K1 	 1
OR10K2 	 0
OR10P1 	 0
OR10Q1 	 0
OR10R2 	 0
OR10T2 	 0
OR10V1 	 0
OR10W1 	 0
OR10X1 	 0
OR10Z1 	 0
OR11G2 	 0
OR11H1 	 0
OR11H12 	 0
OR11H2 	 0
OR11H4 	 0
OR11H6 	 0
OR11L1 	 0
OR13A1 	 0
OR13C2 	 0
OR13C3 	 0
OR13C4 	 0
OR13C5 	 0
OR13C8 	 0
OR13C9 	 0
OR13D1 	 0
OR13F1 	 0
OR13G1 	 0
OR13H1 	 0
OR13J1 	 0
OR14A16 	 0
OR14C36 	 0
OR14I1 	 0
OR1A1 	 0
OR1A2 	 0
OR1B1 	 0
OR1C1 	 0
OR1D2 	 0
OR1D4 	 0
OR1D5 	 0
OR1E1 	 0
OR1E2 	 0
OR1F1 	 0
OR1F2P 	 0
OR1G1 	 0
OR1I1 	 0
OR1J1 	 0
OR1J2 	 0
OR1J4 	 0
OR1K1 	 0
OR1L1 	 0
OR1L3 	 0
OR1L4 	 0
OR1L6 	 0
OR1L8 	 0
OR1M1 	 0
OR1N1 	 0
OR1N2 	 0
OR1S1 	 0
OR1S2 	 0
OR2A12 	 0
OR2A14 	 0
OR2A2 	 0
OR2A20P 	 0
OR2A25 	 0
OR2A4 	 0
OR2A5 	 0
OR2A7 	 0
OR2A9P 	 0
OR2AE1 	 0
OR2AG1 	 0
OR2AG2 	 0
OR2AK2 	 0
OR2AT4 	 0
OR2B11 	 0
OR2B2 	 0
OR2B6 	 0
OR2C1 	 0
OR2C3 	 0
OR2D2 	 0
OR2D3 	 0
OR2F1 	 0
OR2F2 	 0
OR2G2 	 0
OR2G3 	 0
OR2G6 	 0
OR2H2 	 0
OR2J3 	 0
OR2K2 	 0
OR2L13 	 0
OR2L1P 	 0
OR2L2 	 0
OR2L3 	 0
OR2L8 	 0
OR2M1P 	 0
OR2M2 	 0
OR2M3 	 0
OR2M4 	 0
OR2M5 	 0
OR2M7 	 0
OR2S2 	 0
OR2T1 	 0
OR2T10 	 0
OR2T12 	 0
OR2T2 	 0
OR2T27 	 0
OR2T29 	 0
OR2T3 	 0
OR2T33 	 0
OR2T4 	 0
OR2T5 	 0
OR2T6 	 0
OR2T8 	 0
OR2V2 	 0
OR2W3 	 0
OR2Y1 	 0
OR2Z1 	 0
OR3A1 	 0
OR3A2 	 0
OR3A4P 	 0
OR4A16 	 0
OR4A47 	 0
OR4A5 	 0
OR4B1 	 0
OR4C12 	 0
OR4C13 	 0
OR4C15 	 0
OR4C3 	 0
OR4C45 	 0
OR4C46 	 0
OR4D1 	 0
OR4D10 	 0
OR4D11 	 0
OR4D2 	 0
OR4D5 	 0
OR4D6 	 0
OR4D9 	 0
OR4E2 	 0
OR4F15 	 0
OR4F17 	 0
OR4F21 	 0
OR4F4 	 0
OR4F6 	 0
OR4K1 	 0
OR4K13 	 0
OR4K14 	 0
OR4K15 	 0
OR4K17 	 0
OR4K2 	 0
OR4K5 	 0
OR4L1 	 0
OR4M1 	 0
OR4M2 	 0
OR4N2 	 0
OR4N3P 	 0
OR4N4 	 0
OR4N5 	 0
OR4P4 	 0
OR4Q3 	 0
OR4S1 	 0
OR4S2 	 0
OR4X1 	 0
OR4X2 	 0
OR51A2 	 0
OR51A4 	 0
OR51B2 	 0
OR51B4 	 0
OR51B5 	 0
OR51B6 	 0
OR51D1 	 0
OR51E1 	 0
OR51E2 	 0
OR51F1 	 0
OR51F2 	 0
OR51G1 	 0
OR51G2 	 0
OR51I1 	 0
OR51I2 	 0
OR51L1 	 0
OR51M1 	 0
OR51Q1 	 0
OR51S1 	 0
OR51T1 	 0
OR51V1 	 0
OR52A1 	 0
OR52A5 	 0
OR52B2 	 0
OR52B4 	 0
OR52B6 	 0
OR52D1 	 0
OR52E2 	 0
OR52E4 	 0
OR52E8 	 0
OR52H1 	 0
OR52I1 	 0
OR52I2 	 0
OR52K1 	 0
OR52K2 	 0
OR52L1 	 0
OR52M1 	 0
OR52N1 	 0
OR52N2 	 0
OR52N4 	 0
OR52N5 	 0
OR52R1 	 0
OR52W1 	 0
OR56A1 	 0
OR56A3 	 0
OR56A4 	 0
OR56B1 	 0
OR56B4 	 0
OR5A1 	 0
OR5A2 	 0
OR5AC2 	 0
OR5AK2 	 0
OR5AK4P 	 0
OR5AN1 	 0
OR5AP2 	 0
OR5AR1 	 0
OR5AS1 	 0
OR5AU1 	 0
OR5B12 	 0
OR5B17 	 0
OR5B2 	 0
OR5B21 	 0
OR5B3 	 0
OR5C1 	 0
OR5D13 	 0
OR5D14 	 0
OR5D18 	 0
OR5E1P 	 0
OR5F1 	 0
OR5H14 	 0
OR5H15 	 0
OR5H2 	 0
OR5H6 	 0
OR5I1 	 0
OR5J2 	 0
OR5K1 	 0
OR5K2 	 0
OR5K3 	 0
OR5K4 	 0
OR5L1 	 0
OR5L2 	 0
OR5M1 	 0
OR5M10 	 0
OR5M11 	 0
OR5M3 	 0
OR5M8 	 0
OR5M9 	 0
OR5P2 	 0
OR5P3 	 0
OR5R1 	 0
OR5T1 	 0
OR5T2 	 0
OR5T3 	 0
OR5W2 	 0
OR6A2 	 0
OR6B1 	 0
OR6B2 	 0
OR6B3 	 0
OR6C1 	 0
OR6C2 	 0
OR6C3 	 0
OR6C4 	 0
OR6C6 	 0
OR6C65 	 0
OR6C68 	 0
OR6C74 	 0
OR6C75 	 0
OR6C76 	 0
OR6F1 	 0
OR6K2 	 0
OR6K3 	 0
OR6K6 	 0
OR6M1 	 0
OR6N1 	 0
OR6N2 	 0
OR6P1 	 0
OR6Q1 	 0
OR6S1 	 0
OR6T1 	 0
OR6V1 	 0
OR6W1P 	 0
OR6X1 	 0
OR6Y1 	 0
OR7A10 	 0
OR7A17 	 0
OR7A5 	 0
OR7C1 	 0
OR7C2 	 0
OR7D2 	 0
OR7D4 	 0
OR7E12P 	 0
OR7E14P 	 0
OR7E156P 	 0
OR7E24 	 0
OR7E2P 	 0
OR7E5P 	 0
OR7E91P 	 0
OR7G2 	 0
OR8A1 	 0
OR8B12 	 0
OR8B2 	 0
OR8B3 	 0
OR8B4 	 0
OR8B8 	 0
OR8D1 	 0
OR8D2 	 0
OR8D4 	 0
OR8G1 	 0
OR8G5 	 0
OR8H1 	 0
OR8H3 	 0
OR8J1 	 0
OR8J3 	 0
OR8K1 	 0
OR8K3 	 0
OR8K5 	 0
OR8S1 	 0
OR8U1 	 0
OR9A2 	 0
OR9A4 	 0
OR9G4 	 0
OR9I1 	 0
OR9K2 	 0
OR9Q1 	 0
OR9Q2 	 0
ORAI1 	 0
ORAI2 	 0
ORAI3 	 0
ORAOV1 	 0
ORC1 	 0
ORC2 	 0
ORC3 	 0
ORC4 	 0
ORC5 	 0
ORC6 	 0
ORM1 	 0
ORM2 	 0
ORMDL1 	 64
ORMDL2 	 0
ORMDL3 	 0
OS9 	 0
OSBP 	 330
OSBP2 	 0
OSBPL10 	 0
OSBPL11 	 1
OSBPL1A 	 0
OSBPL2 	 0
OSBPL3 	 0
OSBPL5 	 6
OSBPL6 	 0
OSBPL7 	 0
OSBPL8 	 0
OSBPL9 	 0
OSCAR 	 0
OSCP1 	 0
OSGEP 	 0
OSGEPL1 	 0
OSGIN1 	 0
OSGIN2 	 0
OSM 	 0
OSMR 	 0
OSR1 	 0
OSR2 	 0
OST4 	 0
OSTBETA 	 0
OSTC 	 0
OSTCP1 	 0
OSTF1 	 0
OSTM1 	 0
OSTN 	 0
OSTalpha 	 0
OTC 	 0
OTOA 	 0
OTOF 	 0
OTOGL 	 0
OTOL1 	 0
OTOP1 	 0
OTOP2 	 0
OTOP3 	 0
OTOR 	 0
OTOS 	 0
OTP 	 0
OTUB1 	 0
OTUB2 	 0
OTUD1 	 0
OTUD3 	 0
OTUD4 	 0
OTUD5 	 0
OTUD6A 	 0
OTUD6B 	 0
OTUD7A 	 0
OTUD7B 	 0
OTX1 	 0
OTX2 	 0
OTX2OS1 	 0
OVCA2 	 0
OVCH1 	 0
OVCH2 	 0
OVGP1 	 0
OVOL1 	 0
OVOL2 	 0
OXA1L 	 0
OXCT1 	 0
OXCT2 	 0
OXER1 	 0
OXGR1 	 0
OXNAD1 	 0
OXR1 	 0
OXSM 	 0
OXSR1 	 1
OXT 	 0
OXTR 	 0
P2RX1 	 0
P2RX2 	 0
P2RX3 	 0
P2RX4 	 0
P2RX5 	 0
P2RX5-TAX1BP3 	 0
P2RX6 	 0
P2RX6P 	 0
P2RX7 	 0
P2RY1 	 0
P2RY10 	 0
P2RY11 	 0
P2RY12 	 0
P2RY13 	 0
P2RY14 	 0
P2RY2 	 0
P2RY4 	 0
P2RY6 	 0
P4HA1 	 0
P4HA2 	 0
P4HA3 	 0
P4HB 	 5
P4HTM 	 0
PA2G4 	 0
PA2G4P4 	 0
PAAF1 	 0
PABPC1 	 1
PABPC1L 	 0
PABPC1L2A 	 0
PABPC1L2B 	 0
PABPC1P2 	 0
PABPC3 	 0
PABPC4 	 0
PABPC4L 	 0
PABPC5 	 0
PABPN1 	 0
PABPN1L 	 0
PACRG 	 0
PACRGL 	 0
PACS1 	 0
PACS2 	 0
PACSIN1 	 0
PACSIN2 	 0
PACSIN3 	 0
PADI1 	 0
PADI2 	 0
PADI3 	 0
PADI4 	 0
PADI6 	 0
PAEP 	 0
PAF1 	 0
PAFAH1B1 	 0
PAFAH1B2 	 270
PAFAH1B3 	 1
PAFAH2 	 0
PAG1 	 0
PAGE1 	 0
PAGE2 	 0
PAGE2B 	 0
PAGE5 	 0
PAH 	 0
PAICS 	 0
PAIP1 	 20
PAIP2 	 0
PAIP2B 	 0
PAK1 	 0
PAK1IP1 	 0
PAK2 	 294
PAK3 	 88
PAK4 	 0
PAK6 	 0
PAK7 	 15
PALB2 	 0
PALLD 	 0
PALM 	 121
PALM2 	 0
PALM2-AKAP2 	 0
PALM3 	 0
PALMD 	 0
PAM 	 0
PAM16 	 0
PAMR1 	 0
PAN2 	 0
PAN3 	 0
PAN3-AS1 	 0
PANK1 	 0
PANK2 	 0
PANK3 	 0
PANK4 	 0
PANX1 	 0
PANX2 	 0
PANX3 	 0
PAOX 	 0
PAPD4 	 0
PAPD5 	 0
PAPD7 	 1
PAPL 	 0
PAPLN 	 0
PAPOLA 	 0
PAPOLB 	 0
PAPOLG 	 0
PAPPA 	 0
PAPPA2 	 0
PAPSS1 	 0
PAPSS2 	 0
PAQR3 	 0
PAQR4 	 0
PAQR5 	 0
PAQR6 	 0
PAQR7 	 0
PAQR8 	 0
PAQR9 	 0
PAR-SN 	 66
PAR1 	 0
PAR4 	 0
PAR5 	 738
PARD3 	 0
PARD3B 	 0
PARD6A 	 0
PARD6B 	 0
PARD6G 	 0
PARG 	 0
PARK2 	 0
PARK7 	 2
PARL 	 0
PARM1 	 0
PARN 	 7
PARP1 	 0
PARP10 	 0
PARP11 	 0
PARP12 	 0
PARP14 	 0
PARP15 	 0
PARP16 	 0
PARP2 	 0
PARP3 	 0
PARP4 	 0
PARP6 	 0
PARP8 	 0
PARP9 	 0
PARPBP 	 0
PARS2 	 0
PART1 	 0
PARVA 	 0
PARVB 	 0
PARVG 	 0
PASD1 	 0
PASK 	 0
PATE1 	 0
PATE2 	 0
PATE3 	 0
PATE4 	 0
PATL1 	 0
PATL2 	 0
PATZ1 	 1
PAWR 	 0
PAX1 	 0
PAX2 	 0
PAX3 	 0
PAX4 	 0
PAX5 	 0
PAX6 	 0
PAX7 	 0
PAX8 	 0
PAX9 	 0
PAXIP1 	 0
PBK 	 0
PBLD 	 0
PBOV1 	 0
PBRM1 	 0
PBX1 	 0
PBX2 	 0
PBX3 	 0
PBX4 	 0
PBXIP1 	 0
PC 	 0
PCA3 	 0
PCAT1 	 0
PCBD1 	 0
PCBD2 	 0
PCBP1 	 0
PCBP1-AS1 	 0
PCBP2 	 31
PCBP3 	 0
PCBP4 	 0
PCCA 	 0
PCCB 	 0
PCDH1 	 0
PCDH10 	 0
PCDH11X 	 0
PCDH11Y 	 0
PCDH12 	 0
PCDH15 	 0
PCDH17 	 0
PCDH18 	 0
PCDH19 	 0
PCDH20 	 0
PCDH7 	 0
PCDH8 	 0
PCDH9 	 0
PCDHA1 	 0
PCDHA10 	 0
PCDHA11 	 0
PCDHA12 	 0
PCDHA13 	 0
PCDHA2 	 0
PCDHA3 	 0
PCDHA4 	 0
PCDHA5 	 0
PCDHA6 	 0
PCDHA7 	 0
PCDHA8 	 0
PCDHA9 	 0
PCDHAC1 	 0
PCDHAC2 	 0
PCDHB1 	 0
PCDHB10 	 8
PCDHB11 	 0
PCDHB12 	 0
PCDHB13 	 0
PCDHB14 	 0
PCDHB15 	 0
PCDHB16 	 0
PCDHB17 	 0
PCDHB18 	 0
PCDHB19P 	 0
PCDHB2 	 0
PCDHB3 	 0
PCDHB4 	 0
PCDHB5 	 0
PCDHB6 	 0
PCDHB7 	 0
PCDHB8 	 0
PCDHB9 	 0
PCDHGA1 	 0
PCDHGA10 	 0
PCDHGA11 	 0
PCDHGA12 	 0
PCDHGA2 	 0
PCDHGA3 	 0
PCDHGA4 	 0
PCDHGA5 	 0
PCDHGA6 	 0
PCDHGA7 	 0
PCDHGA8 	 0
PCDHGA9 	 0
PCDHGB1 	 0
PCDHGB2 	 0
PCDHGB3 	 0
PCDHGB4 	 0
PCDHGB5 	 0
PCDHGB6 	 0
PCDHGB7 	 0
PCDHGB8P 	 0
PCDHGC3 	 0
PCDHGC4 	 0
PCDHGC5 	 0
PCDP1 	 0
PCF11 	 0
PCGEM1 	 0
PCGF1 	 0
PCGF2 	 0
PCGF3 	 0
PCGF5 	 0
PCGF6 	 0
PCID2 	 0
PCIF1 	 0
PCK1 	 0
PCK2 	 0
PCLO 	 0
PCM1 	 24
PCMT1 	 402
PCMTD1 	 0
PCMTD2 	 201
PCNA 	 444
PCNAP1 	 0
PCNP 	 57
PCNT 	 161
PCNX 	 55
PCNXL2 	 0
PCNXL3 	 0
PCOLCE 	 0
PCOLCE2 	 0
PCP2 	 0
PCP4 	 0
PCP4L1 	 0
PCSK1 	 0
PCSK1N 	 0
PCSK2 	 0
PCSK4 	 0
PCSK5 	 0
PCSK6 	 0
PCSK7 	 0
PCSK9 	 0
PCTP 	 0
PCYOX1 	 0
PCYOX1L 	 0
PCYT1A 	 0
PCYT1B 	 0
PCYT2 	 0
PDAP1 	 4
PDC 	 0
PDCD1 	 0
PDCD10 	 0
PDCD11 	 0
PDCD1LG2 	 0
PDCD2 	 0
PDCD2L 	 0
PDCD4 	 0
PDCD5 	 0
PDCD6 	 1
PDCD6IP 	 0
PDCD7 	 0
PDCL 	 0
PDCL2 	 0
PDCL3 	 1
PDDC1 	 0
PDE10A 	 40
PDE11A 	 0
PDE12 	 0
PDE1A 	 1
PDE1B 	 0
PDE1C 	 0
PDE2A 	 0
PDE3A 	 0
PDE3B 	 0
PDE4A 	 0
PDE4B 	 0
PDE4C 	 0
PDE4D 	 75
PDE4DIP 	 0
PDE5A 	 0
PDE6A 	 0
PDE6B 	 0
PDE6C 	 0
PDE6D 	 0
PDE6G 	 0
PDE6H 	 0
PDE7A 	 0
PDE7B 	 0
PDE8A 	 0
PDE8B 	 0
PDE9A 	 0
PDF 	 0
PDGFA 	 0
PDGFB 	 0
PDGFC 	 0
PDGFD 	 0
PDGFRA 	 0
PDGFRB 	 0
PDGFRL 	 0
PDHA1 	 0
PDHA2 	 0
PDHB 	 8
PDHX 	 0
PDIA2 	 0
PDIA3 	 0
PDIA3P 	 0
PDIA4 	 0
PDIA5 	 0
PDIA6 	 0
PDIK1L 	 0
PDILT 	 0
PDK1 	 0
PDK2 	 0
PDK3 	 0
PDK4 	 0
PDLIM1 	 0
PDLIM2 	 0
PDLIM3 	 0
PDLIM4 	 0
PDLIM5 	 0
PDLIM7 	 0
PDP1 	 0
PDP2 	 0
PDPK1 	 0
PDPN 	 0
PDPR 	 0
PDRG1 	 0
PDS5A 	 0
PDS5B 	 0
PDSS1 	 0
PDSS2 	 0
PDX1 	 0
PDXDC1 	 0
PDXDC2P 	 0
PDXK 	 0
PDXP 	 0
PDYN 	 0
PDZD11 	 0
PDZD2 	 1
PDZD3 	 0
PDZD4 	 0
PDZD7 	 0
PDZD8 	 0
PDZD9 	 0
PDZK1 	 0
PDZK1IP1 	 0
PDZK1P1 	 0
PDZRN3 	 0
PDZRN4 	 0
PEA15 	 446
PEAK1 	 0
PEAR1 	 0
PEBP1 	 39
PEBP4 	 0
PECAM1 	 0
PECR 	 0
PEF1 	 0
PEG10 	 28
PEG3 	 79
PELI1 	 0
PELI2 	 1
PELI3 	 0
PELO 	 0
PELP1 	 0
PEMT 	 0
PENK 	 0
PEPD 	 0
PER1 	 0
PER2 	 0
PER3 	 0
PER4 	 0
PERP 	 0
PES1 	 0
PET112 	 0
PET117 	 0
PEX1 	 0
PEX10 	 0
PEX11A 	 0
PEX11B 	 60
PEX11G 	 0
PEX12 	 0
PEX13 	 0
PEX14 	 0
PEX16 	 0
PEX19 	 0
PEX2 	 0
PEX26 	 0
PEX3 	 0
PEX5 	 0
PEX5L 	 0
PEX6 	 0
PEX7 	 0
PF4 	 0
PF4V1 	 0
PFAS 	 0
PFDN1 	 0
PFDN2 	 0
PFDN4 	 21
PFDN5 	 0
PFKFB1 	 0
PFKFB2 	 0
PFKFB3 	 0
PFKFB4 	 700
PFKL 	 0
PFKM 	 0
PFKP 	 0
PFN1 	 0
PFN1P2 	 0
PFN2 	 151
PFN3 	 0
PFN4 	 0
PGA5 	 0
PGAM1 	 0
PGAM2 	 0
PGAM4 	 0
PGAM5 	 66
PGAP1 	 0
PGAP2 	 0
PGAP3 	 0
PGBD1 	 253
PGBD2 	 0
PGBD3 	 0
PGBD4 	 0
PGBD5 	 1
PGC 	 0
PGCP1 	 0
PGD 	 0
PGF 	 0
PGGT1B 	 50
PGK1 	 0
PGK2 	 0
PGLS 	 0
PGLYRP1 	 0
PGLYRP2 	 0
PGLYRP3 	 0
PGLYRP4 	 0
PGM1 	 0
PGM2 	 0
PGM2L1 	 287
PGM3 	 0
PGM5 	 0
PGM5P2 	 0
PGP 	 0
PGPEP1 	 0
PGPEP1L 	 0
PGR 	 0
PGRMC1 	 0
PGRMC2 	 0
PGS1 	 0
PHACTR1 	 0
PHACTR2 	 0
PHACTR3 	 0
PHACTR4 	 0
PHAX 	 502
PHB 	 0
PHB2 	 0
PHC1 	 0
PHC2 	 64
PHC3 	 0
PHEX 	 0
PHF1 	 0
PHF10 	 0
PHF11 	 0
PHF12 	 0
PHF13 	 0
PHF14 	 97
PHF15 	 0
PHF16 	 0
PHF17 	 0
PHF19 	 0
PHF2 	 0
PHF20 	 0
PHF20L1 	 0
PHF21A 	 0
PHF21B 	 0
PHF23 	 0
PHF2P1 	 0
PHF3 	 0
PHF5A 	 0
PHF6 	 0
PHF7 	 0
PHF8 	 0
PHGDH 	 0
PHGR1 	 0
PHIP 	 1000
PHKA1 	 0
PHKA2 	 0
PHKB 	 0
PHKG1 	 0
PHKG2 	 0
PHLDA1 	 0
PHLDA2 	 0
PHLDA3 	 0
PHLDB1 	 0
PHLDB2 	 0
PHLDB3 	 0
PHLPP1 	 0
PHLPP2 	 0
PHOSPHO1 	 0
PHOSPHO2 	 0
PHOSPHO2-KLHL23 	 0
PHOX2A 	 0
PHOX2B 	 0
PHPT1 	 78
PHRF1 	 0
PHTF1 	 0
PHTF2 	 0
PHYH 	 0
PHYHD1 	 0
PHYHIP 	 0
PHYHIPL 	 0
PI15 	 0
PI16 	 0
PI3 	 0
PI4K2A 	 0
PI4K2B 	 0
PI4KA 	 0
PI4KAP1 	 0
PI4KAP2 	 0
PI4KB 	 22
PIAS1 	 3
PIAS2 	 0
PIAS3 	 0
PIAS4 	 0
PIBF1 	 0
PICALM 	 0
PICK1 	 0
PID1 	 0
PIDD 	 0
PIEZO1 	 0
PIEZO2 	 0
PIF1 	 0
PIGA 	 0
PIGB 	 0
PIGC 	 0
PIGF 	 0
PIGG 	 0
PIGH 	 232
PIGK 	 0
PIGL 	 0
PIGM 	 0
PIGN 	 0
PIGO 	 0
PIGP 	 0
PIGQ 	 0
PIGR 	 0
PIGS 	 0
PIGT 	 0
PIGU 	 0
PIGV 	 0
PIGW 	 0
PIGX 	 0
PIGY 	 0
PIGZ 	 0
PIH1D1 	 0
PIH1D2 	 0
PIK3AP1 	 0
PIK3C2A 	 3
PIK3C2B 	 0
PIK3C2G 	 1
PIK3C3 	 0
PIK3CA 	 0
PIK3CB 	 0
PIK3CD 	 0
PIK3CG 	 0
PIK3IP1 	 0
PIK3R1 	 0
PIK3R2 	 0
PIK3R3 	 0
PIK3R4 	 0
PIK3R5 	 0
PIK3R6 	 0
PIKFYVE 	 64
PILRA 	 0
PILRB 	 0
PIM1 	 0
PIM2 	 0
PIM3 	 0
PIN1 	 0
PIN1P1 	 0
PIN4 	 0
PINK1 	 12
PINX1 	 0
PION 	 0
PIP 	 0
PIP4K2A 	 0
PIP4K2B 	 0
PIP4K2C 	 0
PIP5K1A 	 0
PIP5K1B 	 0
PIP5K1C 	 0
PIP5K1P1 	 0
PIP5KL1 	 0
PIPOX 	 0
PIPSL 	 2
PIR 	 0
PIR-FIGF 	 0
PIRT 	 0
PISD 	 0
PITHD1 	 0
PITPNA 	 43
PITPNB 	 0
PITPNC1 	 0
PITPNM1 	 0
PITPNM2 	 0
PITPNM3 	 0
PITRM1 	 0
PITX2 	 0
PITX3 	 0
PIWIL1 	 0
PIWIL2 	 0
PIWIL3 	 0
PIWIL4 	 0
PJA1 	 0
PJA2 	 1
PKD1 	 0
PKD1L1 	 0
PKD1L2 	 0
PKD1L3 	 0
PKD1P1 	 1
PKD2 	 0
PKD2L1 	 0
PKD2L2 	 0
PKDCC 	 0
PKDREJ 	 0
PKHD1 	 0
PKHD1L1 	 0
PKI55 	 0
PKIA 	 25
PKIB 	 0
PKIG 	 0
PKLR 	 0
PKM2 	 0
PKMYT1 	 0
PKN1 	 0
PKN2 	 0
PKN3 	 0
PKNOX1 	 22
PKNOX2 	 0
PKP1 	 0
PKP2 	 0
PKP3 	 0
PKP4 	 0
PLA1A 	 0
PLA2G10 	 0
PLA2G12A 	 0
PLA2G12B 	 0
PLA2G15 	 0
PLA2G16 	 0
PLA2G1B 	 0
PLA2G2A 	 0
PLA2G2C 	 0
PLA2G2D 	 0
PLA2G2E 	 0
PLA2G2F 	 0
PLA2G3 	 0
PLA2G4A 	 0
PLA2G4B 	 0
PLA2G4C 	 0
PLA2G4D 	 0
PLA2G4E 	 0
PLA2G4F 	 0
PLA2G5 	 0
PLA2G6 	 0
PLA2G7 	 0
PLA2R1 	 0
PLAA 	 1025
PLAC1 	 0
PLAC1L 	 0
PLAC2 	 0
PLAC4 	 0
PLAC8 	 0
PLAC8L1 	 0
PLAC9 	 0
PLAG1 	 0
PLAGL1 	 0
PLAGL2 	 169
PLAT 	 0
PLAU 	 0
PLAUR 	 0
PLB1 	 0
PLBD1 	 0
PLBD2 	 0
PLCB1 	 0
PLCB2 	 0
PLCB3 	 0
PLCB4 	 0
PLCD1 	 0
PLCD3 	 0
PLCD4 	 180
PLCE1 	 18
PLCG1 	 0
PLCG2 	 0
PLCH1 	 0
PLCH2 	 0
PLCL1 	 0
PLCL2 	 0
PLCXD1 	 0
PLCXD2 	 0
PLCXD3 	 0
PLCZ1 	 0
PLD1 	 0
PLD2 	 0
PLD3 	 0
PLD4 	 0
PLD5 	 0
PLD6 	 0
PLDN 	 6
PLEC 	 0
PLEK 	 0
PLEK2 	 0
PLEKHA1 	 0
PLEKHA2 	 0
PLEKHA3 	 0
PLEKHA4 	 0
PLEKHA5 	 0
PLEKHA6 	 0
PLEKHA7 	 0
PLEKHA8 	 0
PLEKHA8P1 	 0
PLEKHB1 	 0
PLEKHB2 	 0
PLEKHD1 	 0
PLEKHF1 	 0
PLEKHF2 	 0
PLEKHG1 	 0
PLEKHG2 	 0
PLEKHG3 	 0
PLEKHG4 	 0
PLEKHG4B 	 0
PLEKHG5 	 0
PLEKHG6 	 0
PLEKHG7 	 0
PLEKHH1 	 0
PLEKHH2 	 0
PLEKHH3 	 0
PLEKHJ1 	 0
PLEKHM1 	 0
PLEKHM1P 	 0
PLEKHM2 	 0
PLEKHM3 	 0
PLEKHN1 	 0
PLEKHO1 	 0
PLEKHO2 	 0
PLG 	 0
PLGLA 	 0
PLGLB2 	 0
PLIN1 	 0
PLIN2 	 0
PLIN3 	 0
PLIN4 	 0
PLIN5 	 0
PLK1 	 0
PLK1S1 	 0
PLK2 	 66
PLK3 	 0
PLK4 	 0
PLK5 	 0
PLLP 	 0
PLN 	 0
PLOD1 	 0
PLOD2 	 0
PLOD3 	 0
PLP1 	 0
PLP2 	 0
PLRG1 	 2
PLS1 	 0
PLS3 	 0
PLSCR1 	 0
PLSCR2 	 0
PLSCR3 	 0
PLSCR4 	 0
PLSCR5 	 0
PLTP 	 0
PLVAP 	 0
PLXDC1 	 0
PLXDC2 	 0
PLXNA1 	 0
PLXNA2 	 371
PLXNA3 	 0
PLXNA4 	 123
PLXNB1 	 0
PLXNB2 	 0
PLXNB3 	 0
PLXNC1 	 0
PLXND1 	 0
PM20D1 	 0
PM20D2 	 0
PMAIP1 	 0
PMCH 	 0
PMCHL1 	 0
PMCHL2 	 0
PMEL 	 0
PMEPA1 	 0
PMF1 	 0
PMF1-BGLAP 	 0
PMFBP1 	 0
PML 	 0
PMM1 	 0
PMM2 	 0
PMP2 	 0
PMP22 	 0
PMPCA 	 0
PMPCB 	 0
PMS1 	 86
PMS2 	 0
PMS2CL 	 0
PMS2L2 	 0
PMS2P1 	 0
PMS2P3 	 12
PMS2P4 	 0
PMS2P5 	 0
PMVK 	 0
PNCK 	 0
PNISR 	 12
PNKD 	 1
PNKP 	 0
PNLDC1 	 0
PNLIP 	 0
PNLIPRP1 	 0
PNLIPRP2 	 0
PNLIPRP3 	 0
PNMA1 	 0
PNMA2 	 0
PNMA3 	 0
PNMA5 	 0
PNMA6C 	 0
PNMAL1 	 0
PNMAL2 	 0
PNMT 	 0
PNN 	 0
PNO1 	 0
PNOC 	 0
PNP 	 0
PNPLA1 	 0
PNPLA2 	 0
PNPLA3 	 0
PNPLA4 	 0
PNPLA5 	 0
PNPLA6 	 0
PNPLA7 	 0
PNPLA8 	 0
PNPO 	 0
PNPT1 	 118
PNRC1 	 0
PNRC2 	 0
POC1A 	 0
POC1B 	 0
POC1B-GALNT4 	 0
POC5 	 0
PODN 	 0
PODNL1 	 0
PODXL 	 0
PODXL2 	 0
POF1B 	 0
POFUT1 	 0
POFUT2 	 0
POGK 	 528
POGLUT1 	 27
POGZ 	 541
POLA1 	 0
POLA2 	 0
POLB 	 0
POLD1 	 0
POLD2 	 0
POLD3 	 0
POLD4 	 0
POLDIP2 	 0
POLDIP3 	 0
POLE 	 0
POLE2 	 0
POLE3 	 0
POLE4 	 0
POLG 	 0
POLG2 	 0
POLH 	 0
POLI 	 0
POLK 	 0
POLL 	 0
POLM 	 0
POLN 	 0
POLQ 	 0
POLR1A 	 0
POLR1B 	 0
POLR1C 	 479
POLR1D 	 0
POLR1E 	 0
POLR2A 	 37
POLR2B 	 6
POLR2C 	 0
POLR2D 	 0
POLR2E 	 0
POLR2F 	 0
POLR2G 	 0
POLR2H 	 308
POLR2I 	 0
POLR2J 	 0
POLR2J2 	 0
POLR2J3 	 0
POLR2J4 	 0
POLR2K 	 0
POLR2L 	 0
POLR2M 	 0
POLR3A 	 388
POLR3B 	 0
POLR3C 	 0
POLR3D 	 0
POLR3E 	 3
POLR3F 	 0
POLR3G 	 0
POLR3GL 	 0
POLR3H 	 27
POLR3K 	 0
POLRMT 	 0
POM121 	 0
POM121C 	 0
POM121L10P 	 0
POM121L12 	 0
POM121L1P 	 0
POM121L2 	 0
POM121L4P 	 0
POM121L8P 	 0
POM121L9P 	 0
POMC 	 0
POMGNT1 	 0
POMP 	 192
POMT1 	 0
POMT2 	 0
POMZP3 	 0
PON1 	 0
PON2 	 0
PON3 	 0
POP1 	 0
POP4 	 0
POP5 	 0
POP7 	 8
POPDC2 	 0
POPDC3 	 0
POR 	 0
PORCN 	 252
POSTN 	 0
POT1 	 0
POTEA 	 0
POTEC 	 0
POTEE 	 2
POTEF 	 0
POTEG 	 0
POTEH 	 0
POTEKP 	 0
POTEM 	 0
POU1F1 	 0
POU2AF1 	 0
POU2F1 	 0
POU2F2 	 0
POU2F3 	 0
POU3F1 	 0
POU3F2 	 189
POU3F3 	 0
POU3F4 	 0
POU4F1 	 0
POU4F2 	 0
POU4F3 	 0
POU5F1 	 0
POU5F1B 	 0
POU5F1P3 	 0
POU5F1P4 	 0
POU5F2 	 0
POU6F1 	 0
POU6F2 	 0
PP12613 	 0
PP14571 	 0
PP2D1 	 0
PP7080 	 0
PPA1 	 220
PPA2 	 0
PPAN 	 0
PPAP2A 	 0
PPAP2B 	 0
PPAP2C 	 0
PPAPDC1A 	 0
PPAPDC1B 	 0
PPAPDC2 	 0
PPAPDC3 	 0
PPARA 	 0
PPARD 	 0
PPARG 	 0
PPARGC1A 	 0
PPARGC1B 	 0
PPAT 	 0
PPBP 	 0
PPBPL2 	 0
PPCDC 	 0
PPCS 	 0
PPDPF 	 0
PPEF1 	 0
PPEF2 	 0
PPFIA1 	 0
PPFIA2 	 0
PPFIA3 	 0
PPFIA4 	 0
PPFIBP1 	 0
PPFIBP2 	 0
PPHLN1 	 0
PPIA 	 655
PPIAL4E 	 0
PPIAL4G 	 0
PPIB 	 0
PPIC 	 0
PPID 	 0
PPIE 	 0
PPIEL 	 0
PPIF 	 13
PPIG 	 0
PPIH 	 0
PPIL1 	 0
PPIL2 	 0
PPIL3 	 0
PPIL4 	 0
PPIL6 	 0
PPIP5K1 	 0
PPIP5K2 	 172
PPL 	 0
PPM1A 	 0
PPM1B 	 0
PPM1D 	 0
PPM1E 	 0
PPM1F 	 0
PPM1G 	 0
PPM1H 	 0
PPM1J 	 0
PPM1K 	 0
PPM1L 	 0
PPM1M 	 0
PPM1N 	 0
PPME1 	 349
PPOX 	 0
PPP1CA 	 0
PPP1CB 	 958
PPP1CC 	 0
PPP1R10 	 0
PPP1R11 	 24
PPP1R12A 	 0
PPP1R12B 	 0
PPP1R12C 	 0
PPP1R13B 	 0
PPP1R13L 	 0
PPP1R14A 	 0
PPP1R14B 	 0
PPP1R14C 	 0
PPP1R14D 	 0
PPP1R15A 	 0
PPP1R15B 	 0
PPP1R16A 	 0
PPP1R16B 	 0
PPP1R17 	 0
PPP1R18 	 0
PPP1R1A 	 0
PPP1R1B 	 0
PPP1R1C 	 0
PPP1R2 	 0
PPP1R21 	 0
PPP1R26 	 0
PPP1R27 	 0
PPP1R2P3 	 0
PPP1R2P9 	 0
PPP1R32 	 0
PPP1R35 	 0
PPP1R36 	 0
PPP1R37 	 0
PPP1R3A 	 0
PPP1R3B 	 0
PPP1R3C 	 0
PPP1R3D 	 0
PPP1R3E 	 0
PPP1R3F 	 0
PPP1R3G 	 0
PPP1R42 	 0
PPP1R7 	 0
PPP1R8 	 0
PPP1R9A 	 0
PPP1R9B 	 0
PPP2CA 	 0
PPP2CB 	 0
PPP2R1A 	 1
PPP2R1B 	 0
PPP2R2A 	 0
PPP2R2B 	 10
PPP2R2C 	 0
PPP2R2D 	 0
PPP2R3A 	 0
PPP2R3C 	 68
PPP2R4 	 0
PPP2R5A 	 0
PPP2R5B 	 0
PPP2R5C 	 0
PPP2R5D 	 0
PPP2R5E 	 34
PPP3CA 	 1
PPP3CB 	 0
PPP3CC 	 0
PPP3R1 	 0
PPP3R2 	 0
PPP4C 	 0
PPP4R1 	 1
PPP4R1L 	 0
PPP4R2 	 0
PPP4R4 	 0
PPP5C 	 0
PPP6C 	 0
PPP6R1 	 0
PPP6R2 	 0
PPP6R3 	 0
PPPDE1 	 0
PPPDE2 	 0
PPRC1 	 0
PPT1 	 0
PPTC7 	 0
PPWD1 	 14
PPY 	 0
PPY2 	 0
PPYR1 	 0
PQBP1 	 0
PQLC1 	 0
PQLC2 	 0
PQLC3 	 0
PRADC1 	 0
PRAF2 	 0
PRAM1 	 0
PRAME 	 0
PRAMEF1 	 0
PRAMEF10 	 0
PRAMEF11 	 0
PRAMEF12 	 0
PRAMEF14 	 0
PRAMEF2 	 0
PRAMEF22 	 0
PRAMEF4 	 0
PRAMEF6 	 0
PRAMEF8 	 0
PRAP1 	 0
PRB1 	 0
PRB2 	 0
PRB3 	 0
PRB4 	 0
PRC1 	 0
PRCC 	 0
PRCD 	 0
PRCP 	 0
PRDM1 	 0
PRDM10 	 0
PRDM11 	 0
PRDM12 	 0
PRDM13 	 0
PRDM14 	 0
PRDM15 	 0
PRDM16 	 0
PRDM2 	 0
PRDM4 	 0
PRDM5 	 0
PRDM6 	 0
PRDM7 	 0
PRDM8 	 0
PRDM9 	 0
PRDX1 	 14
PRDX2 	 388
PRDX3 	 0
PRDX4 	 0
PRDX5 	 0
PRDX6 	 0
PREB 	 0
PRELID1 	 0
PRELID2 	 0
PRELP 	 0
PREP 	 0
PREPL 	 0
PREX1 	 0
PREX2 	 0
PRF1 	 0
PRG1 	 0
PRG2 	 0
PRG3 	 0
PRG4 	 0
PRH1 	 0
PRH1-PRR4 	 0
PRH2 	 0
PRHOXNB 	 0
PRIC285 	 0
PRICKLE1 	 0
PRICKLE2 	 0
PRICKLE3 	 0
PRICKLE4 	 0
PRIM1 	 0
PRIM2 	 0
PRIMA1 	 0
PRINS 	 0
PRKAA1 	 0
PRKAA2 	 0
PRKAB1 	 0
PRKAB2 	 0
PRKACA 	 0
PRKACB 	 37
PRKACG 	 0
PRKAG1 	 0
PRKAG2 	 0
PRKAG3 	 0
PRKAR1A 	 0
PRKAR1B 	 0
PRKAR2A 	 0
PRKAR2B 	 1
PRKCA 	 0
PRKCB 	 0
PRKCD 	 0
PRKCDBP 	 0
PRKCE 	 0
PRKCG 	 0
PRKCH 	 0
PRKCI 	 0
PRKCQ 	 0
PRKCSH 	 0
PRKCZ 	 0
PRKD1 	 0
PRKD2 	 0
PRKD3 	 0
PRKDC 	 14
PRKG1 	 0
PRKG2 	 0
PRKRA 	 0
PRKRIP1 	 0
PRKRIR 	 0
PRKX 	 0
PRKY 	 0
PRL 	 0
PRLHR 	 0
PRLR 	 0
PRM2 	 0
PRMT1 	 0
PRMT10 	 0
PRMT2 	 2
PRMT3 	 0
PRMT5 	 0
PRMT6 	 0
PRMT7 	 0
PRMT8 	 0
PRND 	 0
PRNP 	 0
PRNT 	 0
PRO0611 	 0
PRO1768 	 0
PROC 	 0
PROCA1 	 0
PROCR 	 0
PRODH 	 0
PRODH2 	 0
PROK1 	 0
PROK2 	 0
PROKR1 	 0
PROKR2 	 0
PROL1 	 0
PROM1 	 0
PROM2 	 0
PROP1 	 0
PRORSD1P 	 0
PROS1 	 0
PROSC 	 0
PROSER1 	 43
PROX1 	 0
PROX1-AS1 	 0
PROX2 	 0
PROZ 	 0
PRPF18 	 0
PRPF19 	 0
PRPF3 	 0
PRPF31 	 0
PRPF38A 	 0
PRPF38B 	 0
PRPF39 	 72
PRPF4 	 0
PRPF40A 	 940
PRPF40B 	 0
PRPF4B 	 48
PRPF6 	 0
PRPF8 	 72
PRPH 	 0
PRPH2 	 0
PRPS1 	 0
PRPS1L1 	 0
PRPS2 	 0
PRPSAP1 	 0
PRPSAP2 	 0
PRR11 	 0
PRR12 	 0
PRR13 	 0
PRR14 	 0
PRR14L 	 0
PRR15 	 0
PRR15L 	 0
PRR16 	 0
PRR18 	 0
PRR19 	 0
PRR21 	 0
PRR22 	 0
PRR23A 	 0
PRR23B 	 0
PRR23C 	 0
PRR24 	 0
PRR25 	 0
PRR3 	 0
PRR4 	 0
PRR5 	 0
PRR5L 	 0
PRR7 	 0
PRR9 	 0
PRRC1 	 0
PRRC2A 	 0
PRRC2B 	 0
PRRC2C 	 96
PRRG1 	 0
PRRG2 	 0
PRRG3 	 0
PRRG4 	 0
PRRT2 	 0
PRRT3 	 0
PRRT4 	 0
PRRX1 	 0
PRRX2 	 0
PRSS1 	 0
PRSS12 	 0
PRSS16 	 0
PRSS21 	 0
PRSS22 	 0
PRSS23 	 0
PRSS27 	 0
PRSS3 	 0
PRSS30P 	 0
PRSS33 	 0
PRSS35 	 0
PRSS36 	 0
PRSS37 	 0
PRSS38 	 0
PRSS42 	 0
PRSS45 	 0
PRSS46 	 0
PRSS48 	 0
PRSS50 	 0
PRSS53 	 0
PRSS54 	 0
PRSS55 	 0
PRSS56 	 0
PRSS57 	 0
PRSS58 	 0
PRSS8 	 0
PRTFDC1 	 0
PRTG 	 0
PRTN3 	 0
PRUNE 	 0
PRUNE2 	 0
PRX 	 0
PSAP 	 285
PSAPL1 	 0
PSAT1 	 0
PSCA 	 0
PSD 	 0
PSD2 	 0
PSD3 	 0
PSD4 	 0
PSEN1 	 9
PSEN2 	 0
PSENEN 	 0
PSG1 	 0
PSG10P 	 0
PSG11 	 0
PSG2 	 0
PSG3 	 0
PSG4 	 0
PSG5 	 0
PSG6 	 0
PSG7 	 0
PSG8 	 0
PSG9 	 0
PSIMCT-1 	 0
PSIP1 	 357
PSKH1 	 0
PSKH2 	 0
PSMA1 	 0
PSMA2 	 68
PSMA3 	 395
PSMA4 	 0
PSMA5 	 0
PSMA6 	 5
PSMA7 	 0
PSMA8 	 0
PSMB1 	 0
PSMB10 	 0
PSMB11 	 0
PSMB2 	 60
PSMB3 	 107
PSMB4 	 281
PSMB5 	 1
PSMB6 	 219
PSMB7 	 0
PSMB8 	 0
PSMB9 	 0
PSMC1 	 0
PSMC2 	 0
PSMC3 	 0
PSMC3IP 	 0
PSMC4 	 0
PSMC5 	 0
PSMC6 	 162
PSMD1 	 0
PSMD10 	 1
PSMD11 	 91
PSMD12 	 0
PSMD13 	 0
PSMD14 	 0
PSMD2 	 0
PSMD3 	 0
PSMD4 	 15
PSMD5 	 87
PSMD6 	 0
PSMD7 	 67
PSMD8 	 0
PSMD9 	 0
PSME1 	 89
PSME2 	 0
PSME3 	 0
PSME4 	 46
PSMF1 	 0
PSMG1 	 0
PSMG2 	 0
PSMG3 	 0
PSMG4 	 0
PSORS1C1 	 0
PSORS1C2 	 0
PSORS1C3 	 0
PSPC1 	 0
PSPH 	 0
PSPN 	 0
PSRC1 	 0
PSTK 	 0
PSTPIP1 	 0
PSTPIP2 	 0
PTAFR 	 0
PTAR1 	 0
PTBP1 	 0
PTBP2 	 690
PTBP3 	 0
PTCD1 	 0
PTCD2 	 0
PTCD3 	 1
PTCH1 	 0
PTCH2 	 0
PTCHD1 	 0
PTCHD2 	 0
PTCHD3 	 0
PTCHD4 	 0
PTCRA 	 0
PTDSS1 	 0
PTDSS2 	 0
PTEN 	 0
PTENP1 	 0
PTER 	 0
PTF1A 	 0
PTGDR 	 0
PTGDR2 	 0
PTGDS 	 0
PTGER1 	 0
PTGER2 	 0
PTGER3 	 0
PTGER4 	 0
PTGES 	 0
PTGES2 	 0
PTGES3 	 32
PTGFR 	 0
PTGFRN 	 1
PTGIR 	 0
PTGIS 	 0
PTGR1 	 0
PTGR2 	 0
PTGS1 	 0
PTGS2 	 0
PTH 	 0
PTH1R 	 0
PTH2 	 0
PTH2R 	 0
PTHLH 	 0
PTK2 	 11
PTK2B 	 0
PTK6 	 0
PTK7 	 0
PTMA 	 430
PTMS 	 0
PTN 	 179
PTOV1 	 3
PTP4A1 	 0
PTP4A2 	 0
PTP4A3 	 0
PTPDC1 	 0
PTPLA 	 0
PTPLAD1 	 0
PTPLAD2 	 0
PTPLB 	 0
PTPMT1 	 0
PTPN1 	 0
PTPN11 	 0
PTPN12 	 0
PTPN13 	 0
PTPN14 	 0
PTPN18 	 0
PTPN2 	 654
PTPN21 	 4
PTPN22 	 0
PTPN23 	 0
PTPN3 	 0
PTPN4 	 0
PTPN5 	 0
PTPN6 	 0
PTPN7 	 0
PTPN9 	 0
PTPRA 	 0
PTPRB 	 0
PTPRC 	 0
PTPRCAP 	 0
PTPRD 	 13
PTPRE 	 102
PTPRF 	 0
PTPRG 	 0
PTPRH 	 0
PTPRJ 	 0
PTPRK 	 2
PTPRM 	 0
PTPRN 	 0
PTPRN2 	 0
PTPRO 	 16
PTPRQ 	 0
PTPRR 	 0
PTPRS 	 208
PTPRT 	 0
PTPRU 	 0
PTPRVP 	 0
PTPRZ1 	 1198
PTRF 	 0
PTRH1 	 0
PTRH2 	 0
PTRHD1 	 0
PTS 	 0
PTTG1 	 0
PTTG1IP 	 0
PTTG2 	 0
PTTG3P 	 0
PTX3 	 70
PTX4 	 0
PUF60 	 0
PUM1 	 15
PUM2 	 0
PURA 	 0
PURB 	 0
PURG 	 0
PUS1 	 0
PUS10 	 0
PUS3 	 0
PUS7 	 0
PUS7L 	 0
PUSL1 	 0
PVALB 	 0
PVR 	 0
PVRIG 	 0
PVRL1 	 0
PVRL2 	 0
PVRL3 	 0
PVRL3-AS1 	 0
PVRL4 	 0
PVT1 	 0
PWP1 	 0
PWP2 	 0
PWRN1 	 0
PWRN2 	 0
PWWP2A 	 0
PWWP2B 	 0
PXDC1 	 0
PXDN 	 0
PXDNL 	 0
PXK 	 0
PXMP2 	 0
PXMP4 	 0
PXN 	 0
PXT1 	 0
PYCARD 	 0
PYCR1 	 0
PYCR2 	 0
PYCRL 	 0
PYDC1 	 0
PYDC2 	 0
PYGB 	 0
PYGL 	 0
PYGM 	 0
PYGO1 	 0
PYGO2 	 0
PYHIN1 	 0
PYROXD1 	 0
PYROXD2 	 0
PYY 	 0
PYY2 	 0
PZP 	 0
ProSAPiP1 	 0
QARS 	 0
QDPR 	 0
QKI 	 0
QPCT 	 0
QPCTL 	 0
QPRT 	 0
QRFP 	 0
QRFPR 	 0
QRICH1 	 119
QRICH2 	 0
QRSL1 	 0
QSER1 	 2
QSOX1 	 0
QSOX2 	 0
QTRT1 	 0
QTRTD1 	 0
R3HCC1 	 0
R3HDM1 	 2
R3HDM2 	 0
R3HDM4 	 5
R3HDML 	 0
RAB10 	 0
RAB11A 	 12
RAB11B 	 1
RAB11FIP1 	 0
RAB11FIP2 	 0
RAB11FIP3 	 0
RAB11FIP4 	 0
RAB11FIP5 	 0
RAB12 	 0
RAB13 	 0
RAB14 	 0
RAB15 	 0
RAB17 	 0
RAB18 	 461
RAB19 	 0
RAB1A 	 0
RAB1B 	 0
RAB20 	 0
RAB21 	 597
RAB22A 	 46
RAB23 	 0
RAB24 	 0
RAB25 	 0
RAB26 	 0
RAB27A 	 0
RAB27B 	 0
RAB28 	 1
RAB2A 	 1
RAB2B 	 0
RAB30 	 1
RAB31 	 0
RAB32 	 0
RAB33A 	 0
RAB33B 	 0
RAB34 	 0
RAB35 	 0
RAB36 	 0
RAB37 	 0
RAB38 	 0
RAB39A 	 0
RAB39B 	 0
RAB3A 	 0
RAB3B 	 0
RAB3C 	 0
RAB3D 	 0
RAB3GAP1 	 0
RAB3GAP2 	 263
RAB3IL1 	 0
RAB3IP 	 0
RAB40A 	 0
RAB40AL 	 0
RAB40B 	 0
RAB40C 	 0
RAB41 	 0
RAB42 	 0
RAB43 	 0
RAB4A 	 0
RAB4B 	 0
RAB5A 	 0
RAB5B 	 0
RAB5C 	 0
RAB6A 	 1
RAB6B 	 0
RAB6C 	 0
RAB7A 	 0
RAB7L1 	 0
RAB8A 	 0
RAB8B 	 50
RAB9A 	 0
RAB9B 	 0
RAB9BP1 	 0
RABAC1 	 0
RABEP1 	 0
RABEP2 	 0
RABEPK 	 0
RABGAP1 	 65
RABGAP1L 	 0
RABGEF1 	 1
RABGGTA 	 0
RABGGTB 	 0
RABIF 	 0
RABL2A 	 0
RABL2B 	 0
RABL3 	 0
RABL5 	 80
RAC1 	 0
RAC2 	 0
RAC3 	 0
RACGAP1 	 0
RACGAP1P 	 0
RAD1 	 0
RAD17 	 0
RAD18 	 0
RAD21 	 0
RAD21-AS1 	 0
RAD21L1 	 0
RAD23A 	 3
RAD23B 	 0
RAD50 	 0
RAD51 	 0
RAD51AP1 	 0
RAD51AP2 	 0
RAD51B 	 0
RAD51C 	 0
RAD51D 	 0
RAD52 	 0
RAD54B 	 0
RAD54L 	 0
RAD54L2 	 0
RAD9A 	 0
RAD9B 	 0
RADIL 	 0
RAE1 	 0
RAET1E 	 0
RAET1G 	 0
RAET1K 	 0
RAET1L 	 0
RAF1 	 435
RAG1 	 0
RAG2 	 0
RAI1 	 0
RAI14 	 0
RAI2 	 0
RALA 	 0
RALB 	 0
RALBP1 	 0
RALGAPA1 	 0
RALGAPA2 	 0
RALGAPB 	 334
RALGDS 	 0
RALGPS1 	 0
RALGPS2 	 0
RALY 	 16
RALYL 	 226
RAMP1 	 0
RAMP2 	 0
RAMP3 	 0
RAN 	 109
RANBP1 	 0
RANBP10 	 0
RANBP17 	 0
RANBP2 	 0
RANBP3 	 0
RANBP3L 	 0
RANBP6 	 119
RANBP9 	 0
RANGAP1 	 0
RANGRF 	 1
RAP1A 	 0
RAP1B 	 0
RAP1GAP 	 0
RAP1GAP2 	 0
RAP1GDS1 	 0
RAP2A 	 37
RAP2B 	 72
RAP2C 	 0
RAPGEF1 	 0
RAPGEF2 	 25
RAPGEF3 	 0
RAPGEF4 	 0
RAPGEF5 	 0
RAPGEF6 	 248
RAPGEFL1 	 0
RAPH1 	 0
RAPSN 	 0
RARA 	 0
RARB 	 0
RARG 	 0
RARRES1 	 0
RARRES2 	 0
RARRES3 	 0
RARS 	 9
RARS2 	 675
RASA1 	 119
RASA2 	 0
RASA3 	 0
RASA4 	 0
RASA4P 	 0
RASAL1 	 0
RASAL2 	 0
RASAL3 	 0
RASD1 	 0
RASD2 	 0
RASEF 	 0
RASGEF1A 	 0
RASGEF1B 	 0
RASGEF1C 	 0
RASGRF1 	 0
RASGRF2 	 0
RASGRP1 	 0
RASGRP2 	 0
RASGRP3 	 0
RASGRP4 	 0
RASIP1 	 0
RASL10A 	 0
RASL10B 	 0
RASL11A 	 0
RASL11B 	 0
RASL12 	 0
RASSF1 	 0
RASSF10 	 0
RASSF2 	 81
RASSF3 	 0
RASSF4 	 0
RASSF5 	 0
RASSF6 	 0
RASSF7 	 0
RASSF8 	 337
RASSF9 	 0
RAVER1 	 7
RAVER2 	 0
RAX 	 0
RB1 	 0
RB1CC1 	 0
RBAK 	 1
RBBP4 	 0
RBBP5 	 0
RBBP6 	 0
RBBP7 	 0
RBBP8 	 0
RBBP9 	 0
RBCK1 	 0
RBFA 	 0
RBFOX1 	 35
RBFOX2 	 100
RBFOX3 	 4
RBKS 	 0
RBL1 	 0
RBL2 	 0
RBM10 	 0
RBM11 	 0
RBM12 	 57
RBM12B 	 0
RBM14 	 0
RBM14-RBM4 	 0
RBM15 	 0
RBM15B 	 0
RBM17 	 4
RBM18 	 0
RBM19 	 0
RBM20 	 0
RBM22 	 0
RBM23 	 0
RBM24 	 0
RBM25 	 98
RBM26 	 0
RBM26-AS1 	 0
RBM27 	 1
RBM28 	 0
RBM3 	 428
RBM33 	 0
RBM34 	 77
RBM38 	 0
RBM39 	 373
RBM4 	 3
RBM41 	 0
RBM42 	 0
RBM43 	 0
RBM44 	 0
RBM45 	 0
RBM46 	 0
RBM47 	 0
RBM48 	 7
RBM4B 	 1
RBM5 	 1
RBM6 	 0
RBM7 	 0
RBM8A 	 0
RBMS1 	 0
RBMS2 	 0
RBMS3 	 0
RBMX 	 0
RBMX2 	 0
RBMXL1 	 0
RBMXL2 	 0
RBMXL3 	 0
RBMY1A3P 	 0
RBMY2FP 	 0
RBMY3AP 	 0
RBP1 	 0
RBP2 	 0
RBP3 	 0
RBP4 	 0
RBP5 	 0
RBP7 	 0
RBPJ 	 16
RBPJL 	 0
RBPMS 	 0
RBPMS2 	 0
RBX1 	 130
RC3H1 	 91
RC3H2 	 0
RCAN1 	 0
RCAN2 	 0
RCAN3 	 0
RCAN3AS 	 0
RCBTB1 	 0
RCBTB2 	 0
RCC1 	 0
RCC2 	 0
RCCD1 	 0
RCE1 	 0
RCHY1 	 0
RCL1 	 0
RCN1 	 0
RCN2 	 15
RCN3 	 0
RCOR1 	 0
RCOR2 	 0
RCOR3 	 0
RCSD1 	 0
RCVRN 	 0
RD3 	 0
RDBP 	 0
RDH10 	 0
RDH11 	 0
RDH12 	 0
RDH13 	 0
RDH14 	 0
RDH16 	 0
RDH5 	 0
RDH8 	 0
RDM1 	 0
RDX 	 0
REC8 	 0
RECK 	 0
RECQL 	 0
RECQL4 	 0
RECQL5 	 0
REEP1 	 0
REEP2 	 0
REEP3 	 0
REEP4 	 0
REEP5 	 0
REEP6 	 0
REG1A 	 0
REG1B 	 0
REG1P 	 0
REG3A 	 0
REG3G 	 0
REG4 	 0
REL 	 0
RELA 	 0
RELB 	 0
RELL1 	 0
RELL2 	 0
RELN 	 0
RELT 	 0
REM1 	 0
REM2 	 0
REN 	 0
RENBP 	 0
REP15 	 0
REPIN1 	 0
REPS1 	 0
REPS2 	 0
RER1 	 0
RERE 	 0
REREP3 	 0
RERG 	 0
RERGL 	 0
RESP18 	 0
REST 	 0
RET 	 0
RETN 	 0
RETNLB 	 0
RETSAT 	 0
REV1 	 212
REV3L 	 0
REXO1 	 0
REXO1L1 	 0
REXO1L2P 	 0
REXO2 	 0
REXO4 	 0
RFC1 	 0
RFC2 	 0
RFC3 	 0
RFC4 	 0
RFC5 	 0
RFESD 	 0
RFFL 	 0
RFK 	 0
RFNG 	 0
RFPL1 	 0
RFPL1-AS1 	 7
RFPL2 	 0
RFPL3 	 0
RFPL3-AS1 	 0
RFPL4A 	 0
RFPL4B 	 0
RFT1 	 0
RFTN1 	 0
RFTN2 	 0
RFWD2 	 0
RFWD3 	 0
RFX1 	 0
RFX2 	 0
RFX3 	 0
RFX4 	 0
RFX5 	 0
RFX6 	 0
RFX7 	 0
RFX8 	 0
RFXANK 	 0
RFXAP 	 0
RG9MTD1 	 0
RG9MTD2 	 0
RG9MTD3 	 0
RGAG1 	 0
RGAG4 	 0
RGL1 	 4
RGL2 	 0
RGL3 	 0
RGL4 	 0
RGMA 	 0
RGMB 	 0
RGN 	 0
RGNEF 	 0
RGP1 	 0
RGPD1 	 0
RGPD2 	 0
RGPD3 	 0
RGPD4 	 0
RGPD5 	 0
RGPD8 	 0
RGR 	 0
RGS1 	 0
RGS10 	 0
RGS11 	 0
RGS12 	 0
RGS13 	 0
RGS14 	 0
RGS16 	 0
RGS17 	 0
RGS18 	 0
RGS19 	 0
RGS2 	 0
RGS20 	 0
RGS21 	 0
RGS22 	 0
RGS3 	 0
RGS4 	 0
RGS5 	 0
RGS6 	 0
RGS7 	 0
RGS7BP 	 0
RGS8 	 0
RGS9 	 0
RGS9BP 	 0
RGSL1 	 0
RHAG 	 0
RHBDD1 	 0
RHBDD2 	 10
RHBDD3 	 0
RHBDF1 	 0
RHBDF2 	 0
RHBDL1 	 0
RHBDL2 	 0
RHBDL3 	 0
RHBG 	 0
RHCE 	 0
RHCG 	 0
RHD 	 0
RHEB 	 0
RHEBL1 	 0
RHO 	 0
RHOA 	 1
RHOB 	 16
RHOBTB1 	 0
RHOBTB2 	 0
RHOBTB3 	 0
RHOC 	 0
RHOD 	 0
RHOF 	 0
RHOG 	 0
RHOH 	 0
RHOJ 	 0
RHOQ 	 0
RHOT1 	 8
RHOT2 	 0
RHOU 	 0
RHOV 	 0
RHOXF1 	 0
RHPN1 	 0
RHPN2 	 0
RIBC1 	 0
RIBC2 	 0
RIC3 	 0
RIC8A 	 0
RIC8B 	 0
RICTOR 	 0
RIF1 	 0
RIIAD1 	 0
RILP 	 0
RILPL1 	 0
RILPL2 	 0
RIMBP2 	 0
RIMBP3 	 0
RIMKLA 	 10
RIMKLB 	 40
RIMS1 	 0
RIMS2 	 0
RIMS3 	 4
RIMS4 	 0
RIN1 	 0
RIN2 	 0
RIN3 	 0
RING1 	 0
RINL 	 0
RINT1 	 260
RIOK1 	 0
RIOK2 	 0
RIOK3 	 0
RIPK1 	 0
RIPK2 	 0
RIPK3 	 0
RIPK4 	 0
RIPPLY1 	 0
RIPPLY2 	 0
RIT1 	 0
RIT2 	 0
RLBP1 	 0
RLF 	 532
RLIM 	 81
RLN1 	 0
RLN2 	 0
RLN3 	 0
RLTPR 	 0
RMI1 	 0
RMI2 	 0
RMND1 	 0
RMND5A 	 0
RMND5B 	 0
RMRP 	 0
RMST 	 0
RN45S 	 2
RNASE1 	 0
RNASE10 	 0
RNASE11 	 0
RNASE12 	 0
RNASE13 	 0
RNASE2 	 0
RNASE3 	 0
RNASE4 	 0
RNASE6 	 0
RNASE7 	 0
RNASE8 	 0
RNASE9 	 0
RNASEH1 	 0
RNASEH2A 	 0
RNASEH2B 	 0
RNASEH2C 	 0
RNASEK 	 0
RNASEK-C17ORF49 	 0
RNASEL 	 0
RNASET2 	 0
RND1 	 0
RND2 	 0
RND3 	 116
RNF10 	 0
RNF103 	 0
RNF103-CHMP3 	 0
RNF11 	 0
RNF111 	 0
RNF112 	 0
RNF113A 	 182
RNF113B 	 0
RNF114 	 0
RNF115 	 0
RNF121 	 0
RNF122 	 0
RNF123 	 0
RNF125 	 0
RNF126 	 0
RNF126P1 	 0
RNF128 	 0
RNF13 	 0
RNF130 	 0
RNF133 	 0
RNF135 	 0
RNF138 	 0
RNF138P1 	 0
RNF139 	 0
RNF14 	 1
RNF141 	 1
RNF144A 	 0
RNF144B 	 0
RNF145 	 1
RNF146 	 0
RNF148 	 0
RNF149 	 0
RNF150 	 0
RNF151 	 0
RNF152 	 0
RNF157 	 0
RNF165 	 0
RNF166 	 0
RNF167 	 0
RNF168 	 0
RNF169 	 0
RNF17 	 0
RNF170 	 0
RNF175 	 0
RNF180 	 0
RNF181 	 0
RNF182 	 0
RNF183 	 0
RNF185 	 0
RNF186 	 0
RNF187 	 0
RNF19A 	 0
RNF19B 	 0
RNF2 	 1013
RNF20 	 0
RNF207 	 0
RNF208 	 0
RNF212 	 0
RNF213 	 0
RNF214 	 0
RNF215 	 0
RNF216 	 0
RNF216P1 	 0
RNF217 	 0
RNF219 	 0
RNF220 	 6
RNF222 	 0
RNF223 	 0
RNF24 	 0
RNF25 	 0
RNF26 	 0
RNF31 	 0
RNF32 	 0
RNF34 	 0
RNF38 	 295
RNF39 	 0
RNF4 	 2
RNF40 	 0
RNF41 	 12
RNF43 	 0
RNF44 	 10
RNF5P1 	 0
RNF6 	 0
RNF7 	 0
RNF8 	 0
RNFT1 	 0
RNFT2 	 0
RNGTT 	 0
RNH1 	 0
RNLS 	 0
RNMT 	 235
RNMTL1 	 0
RNPC3 	 5
RNPEP 	 0
RNPEPL1 	 0
RNPS1 	 33
RNU11 	 0
RNU12 	 0
RNU4ATAC 	 0
RNU5E-1 	 0
RNU5F-1 	 0
RNU6ATAC 	 0
RNU86 	 0
RNY5 	 0
ROBO1 	 0
ROBO2 	 3
ROBO3 	 0
ROBO4 	 0
ROCK1 	 104
ROCK1P1 	 0
ROCK2 	 0
ROGDI 	 0
ROM1 	 0
ROMO1 	 0
ROPN1 	 0
ROPN1B 	 0
ROPN1L 	 0
ROR1 	 0
ROR2 	 0
RORA 	 0
RORB 	 0
RORC 	 0
ROS1 	 0
RP1 	 0
RP1-177G6.2 	 0
RP11-165H20.1 	 0
RP1L1 	 0
RP2 	 0
RP9 	 77
RP9P 	 0
RPA1 	 0
RPA2 	 0
RPA3 	 0
RPA4 	 0
RPAIN 	 0
RPAP1 	 18
RPAP2 	 0
RPAP3 	 0
RPE 	 0
RPE65 	 0
RPF1 	 0
RPF2 	 0
RPGR 	 0
RPGRIP1 	 0
RPGRIP1L 	 0
RPH3A 	 0
RPH3AL 	 0
RPIA 	 0
RPL10 	 29
RPL10A 	 0
RPL10L 	 0
RPL11 	 80
RPL12 	 18
RPL13 	 19
RPL13A 	 0
RPL13AP17 	 0
RPL13AP20 	 0
RPL13AP3 	 0
RPL13AP6 	 0
RPL13P5 	 0
RPL14 	 12
RPL15 	 170
RPL17 	 0
RPL17-C18ORF32 	 0
RPL18 	 0
RPL18A 	 2
RPL19 	 144
RPL19P12 	 0
RPL21 	 0
RPL21P44 	 0
RPL22 	 0
RPL22L1 	 0
RPL23 	 60
RPL23A 	 11
RPL23AP32 	 0
RPL23AP53 	 0
RPL23AP64 	 0
RPL23AP7 	 0
RPL23AP82 	 0
RPL23P8 	 2
RPL24 	 2
RPL26 	 50
RPL26L1 	 0
RPL27 	 44
RPL27A 	 8
RPL28 	 6
RPL29 	 0
RPL29P2 	 0
RPL3 	 293
RPL30 	 146
RPL31 	 4
RPL31P11 	 0
RPL32 	 116
RPL32P3 	 0
RPL34 	 78
RPL35 	 38
RPL35A 	 49
RPL36 	 9
RPL36A 	 0
RPL36AL 	 5
RPL37 	 6
RPL37A 	 251
RPL38 	 1
RPL39 	 2
RPL39L 	 0
RPL3L 	 0
RPL4 	 0
RPL41 	 9
RPL5 	 122
RPL6 	 66
RPL7 	 1
RPL7A 	 33
RPL7L1 	 26
RPL8 	 6
RPL9 	 0
RPLP0 	 0
RPLP0P2 	 0
RPLP1 	 30
RPLP2 	 1
RPN1 	 66
RPN2 	 0
RPP14 	 0
RPP21 	 0
RPP25 	 0
RPP30 	 0
RPP38 	 0
RPP40 	 0
RPPH1 	 0
RPRD1A 	 0
RPRD1B 	 0
RPRD2 	 0
RPRM 	 0
RPRML 	 0
RPS10 	 0
RPS10-NUDT3 	 0
RPS10P7 	 0
RPS11 	 165
RPS12 	 119
RPS13 	 13
RPS14 	 122
RPS15 	 39
RPS15A 	 34
RPS15AP10 	 0
RPS16 	 2
RPS16P5 	 0
RPS18 	 0
RPS19 	 169
RPS19BP1 	 0
RPS2 	 1
RPS20 	 70
RPS21 	 18
RPS23 	 15
RPS24 	 65
RPS25 	 8
RPS26 	 1
RPS26P11 	 0
RPS27 	 0
RPS27A 	 91
RPS27L 	 0
RPS28 	 0
RPS29 	 0
RPS2P32 	 0
RPS3 	 238
RPS3A 	 16
RPS4X 	 0
RPS4Y1 	 0
RPS4Y2 	 0
RPS5 	 102
RPS6 	 12
RPS6KA1 	 0
RPS6KA2 	 0
RPS6KA3 	 0
RPS6KA4 	 0
RPS6KA5 	 1
RPS6KA6 	 0
RPS6KB1 	 0
RPS6KB2 	 0
RPS6KC1 	 0
RPS6KL1 	 0
RPS7 	 13
RPS7P5 	 0
RPS8 	 18
RPS9 	 0
RPSA 	 1
RPSAP52 	 0
RPSAP58 	 4
RPSAP9 	 0
RPTN 	 0
RPTOR 	 0
RPUSD1 	 0
RPUSD2 	 0
RPUSD3 	 0
RPUSD4 	 0
RQCD1 	 0
RRAD 	 0
RRAGA 	 0
RRAGB 	 0
RRAGC 	 0
RRAGD 	 1
RRAS 	 0
RRAS2 	 0
RRBP1 	 0
RREB1 	 0
RRH 	 0
RRM1 	 0
RRM2 	 0
RRM2B 	 0
RRN3 	 0
RRN3P1 	 0
RRN3P2 	 0
RRN3P3 	 0
RRNAD1 	 0
RRP1 	 0
RRP12 	 0
RRP15 	 1
RRP1B 	 0
RRP36 	 0
RRP7A 	 0
RRP7B 	 0
RRP8 	 0
RRP9 	 0
RRS1 	 0
RS1 	 0
RSAD1 	 0
RSAD2 	 0
RSBN1 	 507
RSBN1L 	 0
RSC1A1 	 0
RSF1 	 84
RSG1 	 0
RSL1D1 	 0
RSL24D1 	 0
RSPH1 	 0
RSPH3 	 0
RSPH4A 	 29
RSPH6A 	 0
RSPH9 	 0
RSPO1 	 0
RSPO2 	 0
RSPO3 	 0
RSPO4 	 0
RSPRY1 	 0
RSRC1 	 119
RSRC2 	 0
RSU1 	 0
RTBDN 	 0
RTCD1 	 0
RTDR1 	 0
RTEL1 	 0
RTEL1-TNFRSF6B 	 0
RTF1 	 0
RTKN 	 0
RTKN2 	 0
RTL1 	 0
RTN1 	 18
RTN2 	 0
RTN3 	 367
RTN4 	 800
RTN4IP1 	 0
RTN4R 	 0
RTN4RL1 	 0
RTN4RL2 	 0
RTP1 	 0
RTP2 	 0
RTP3 	 0
RTP4 	 0
RTTN 	 0
RUFY1 	 0
RUFY2 	 0
RUFY3 	 0
RUFY4 	 0
RUNDC1 	 1
RUNDC3A 	 0
RUNDC3B 	 0
RUNX1 	 0
RUNX1-IT1 	 0
RUNX1T1 	 306
RUNX2 	 0
RUNX3 	 0
RUSC1 	 5
RUSC1-AS1 	 0
RUSC2 	 0
RUVBL1 	 0
RUVBL2 	 0
RWDD1 	 0
RWDD2A 	 0
RWDD2B 	 0
RWDD3 	 0
RWDD4 	 0
RXFP1 	 0
RXFP2 	 0
RXFP3 	 0
RXFP4 	 0
RXRA 	 0
RXRB 	 0
RXRG 	 0
RYBP 	 0
RYK 	 0
RYR1 	 0
RYR2 	 0
RYR3 	 0
S100A1 	 0
S100A10 	 0
S100A11 	 0
S100A12 	 0
S100A13 	 0
S100A14 	 0
S100A16 	 0
S100A2 	 0
S100A3 	 0
S100A4 	 0
S100A5 	 0
S100A6 	 0
S100A7 	 0
S100A7A 	 0
S100A8 	 0
S100A9 	 0
S100B 	 0
S100G 	 0
S100P 	 0
S100PBP 	 0
S100Z 	 0
S1PR1 	 0
S1PR2 	 0
S1PR3 	 0
S1PR4 	 0
S1PR5 	 0
SAA1 	 0
SAA2 	 0
SAA2-SAA4 	 0
SAA3P 	 0
SAA4 	 0
SAAL1 	 0
SAC3D1 	 0
SACM1L 	 0
SACS 	 0
SAE1 	 0
SAFB 	 0
SAFB2 	 0
SAG 	 0
SAGE1 	 0
SALL1 	 0
SALL2 	 0
SALL3 	 0
SALL4 	 0
SAMD1 	 0
SAMD10 	 0
SAMD11 	 0
SAMD12 	 0
SAMD12-AS1 	 0
SAMD13 	 0
SAMD14 	 0
SAMD15 	 0
SAMD3 	 0
SAMD4A 	 0
SAMD4B 	 0
SAMD5 	 0
SAMD7 	 0
SAMD8 	 126
SAMD9 	 0
SAMD9L 	 0
SAMHD1 	 0
SAMM50 	 0
SAMSN1 	 0
SAP130 	 41
SAP18 	 20
SAP25 	 0
SAP30 	 0
SAP30BP 	 0
SAP30L 	 0
SAPCD2 	 0
SAR1A 	 71
SAR1B 	 0
SARDH 	 0
SARM1 	 0
SARNP 	 0
SARS 	 559
SARS2 	 0
SART1 	 0
SART3 	 0
SASH1 	 0
SASH3 	 0
SASS6 	 0
SAT1 	 48
SAT2 	 0
SATB1 	 0
SATB2 	 1889
SATL1 	 0
SAV1 	 6
SAYSD1 	 0
SBDS 	 0
SBDSP1 	 0
SBF1 	 0
SBF1P1 	 0
SBF2 	 0
SBK1 	 6
SBK2 	 0
SBNO1 	 551
SBNO2 	 0
SBSN 	 0
SC5DL 	 0
SCAF1 	 0
SCAF11 	 0
SCAF4 	 0
SCAF8 	 0
SCAI 	 0
SCAMP1 	 453
SCAMP2 	 0
SCAMP3 	 0
SCAMP4 	 0
SCAMP5 	 0
SCAND1 	 0
SCAND2 	 0
SCAP 	 0
SCAPER 	 189
SCARA3 	 0
SCARA5 	 0
SCARB1 	 0
SCARB2 	 3
SCARF1 	 0
SCARF2 	 0
SCARNA1 	 0
SCARNA10 	 0
SCARNA11 	 0
SCARNA12 	 0
SCARNA14 	 0
SCARNA15 	 0
SCARNA16 	 0
SCARNA17 	 0
SCARNA18 	 0
SCARNA2 	 0
SCARNA20 	 0
SCARNA21 	 0
SCARNA22 	 0
SCARNA23 	 0
SCARNA27 	 0
SCARNA3 	 0
SCARNA4 	 0
SCARNA5 	 0
SCARNA6 	 0
SCARNA7 	 0
SCARNA8 	 0
SCARNA9 	 0
SCARNA9L 	 0
SCCPDH 	 0
SCD 	 0
SCD5 	 0
SCEL 	 0
SCFD1 	 0
SCFD2 	 0
SCG2 	 0
SCG3 	 230
SCG5 	 0
SCGB1A1 	 0
SCGB1B2P 	 0
SCGB1C1 	 0
SCGB1D1 	 0
SCGB1D2 	 0
SCGB2A1 	 0
SCGB2A2 	 0
SCGB2B2 	 0
SCGB2B3P 	 0
SCGB3A1 	 0
SCGB3A2 	 0
SCGN 	 0
SCHIP1 	 0
SCIMP 	 0
SCIN 	 0
SCLT1 	 156
SCLY 	 0
SCMH1 	 0
SCML1 	 6
SCML2 	 0
SCML4 	 0
SCN10A 	 0
SCN11A 	 0
SCN1A 	 0
SCN1B 	 0
SCN2A 	 482
SCN2B 	 0
SCN3A 	 1
SCN3B 	 1
SCN4A 	 0
SCN4B 	 0
SCN5A 	 0
SCN7A 	 0
SCN8A 	 0
SCN9A 	 0
SCNM1 	 0
SCNN1A 	 0
SCNN1B 	 0
SCNN1D 	 0
SCNN1G 	 0
SCO1 	 0
SCO2 	 0
SCOC 	 0
SCP2 	 0
SCPEP1 	 0
SCRG1 	 0
SCRIB 	 0
SCRN1 	 0
SCRN2 	 0
SCRN3 	 0
SCRT1 	 0
SCRT2 	 0
SCT 	 0
SCTR 	 0
SCUBE1 	 0
SCUBE2 	 0
SCUBE3 	 0
SCYL1 	 0
SCYL2 	 40
SCYL3 	 0
SDAD1 	 20
SDC1 	 0
SDC2 	 0
SDC3 	 23
SDC4 	 0
SDC4P 	 0
SDCBP 	 0
SDCBP2 	 0
SDCCAG3 	 0
SDCCAG8 	 0
SDF2 	 0
SDF2L1 	 0
SDF4 	 0
SDHA 	 0
SDHAF1 	 0
SDHAF2 	 23
SDHAP1 	 0
SDHAP2 	 0
SDHAP3 	 0
SDHB 	 0
SDHC 	 0
SDHD 	 0
SDK1 	 0
SDK2 	 0
SDPR 	 0
SDR16C5 	 0
SDR39U1 	 0
SDR42E1 	 0
SDR9C7 	 0
SDS 	 0
SDSL 	 0
SEBOX 	 0
SEC1 	 0
SEC11A 	 0
SEC11C 	 23
SEC13 	 0
SEC14L1 	 0
SEC14L2 	 0
SEC14L3 	 0
SEC14L4 	 0
SEC14L5 	 0
SEC14L6 	 0
SEC16A 	 0
SEC16B 	 0
SEC22A 	 0
SEC22B 	 1
SEC22C 	 0
SEC23A 	 0
SEC23B 	 0
SEC23IP 	 0
SEC24A 	 0
SEC24B 	 0
SEC24C 	 0
SEC24D 	 0
SEC31A 	 9
SEC31B 	 0
SEC61A1 	 5
SEC61A2 	 0
SEC61B 	 154
SEC61G 	 0
SEC62 	 0
SEC63 	 4
SECISBP2 	 0
SECISBP2L 	 1
SECTM1 	 0
SEH1L 	 0
SEL1L 	 105
SEL1L2 	 0
SEL1L3 	 0
SELE 	 0
SELENBP1 	 0
SELK 	 164
SELL 	 0
SELM 	 0
SELO 	 0
SELP 	 0
SELPLG 	 0
SELRC1 	 0
SELS 	 31
SELT 	 203
SELV 	 0
SEMA3A 	 30
SEMA3B 	 0
SEMA3C 	 0
SEMA3D 	 0
SEMA3E 	 0
SEMA3F 	 0
SEMA3G 	 0
SEMA4A 	 0
SEMA4B 	 0
SEMA4C 	 1
SEMA4D 	 0
SEMA4F 	 0
SEMA4G 	 0
SEMA5A 	 0
SEMA5B 	 0
SEMA6A 	 0
SEMA6B 	 1
SEMA6C 	 0
SEMA6D 	 0
SEMA7A 	 0
SEMG1 	 0
SEMG2 	 0
SENP1 	 0
SENP2 	 0
SENP3 	 0
SENP3-EIF4A1 	 0
SENP5 	 0
SENP6 	 95
SENP7 	 3
SENP8 	 0
SEP15 	 0
SEPHS1 	 18
SEPHS2 	 0
SEPN1 	 0
SEPP1 	 0
SEPSECS 	 0
SEPT1 	 0
SEPT10 	 0
SEPT11 	 0
SEPT12 	 0
SEPT14 	 0
SEPT2 	 0
SEPT3 	 19
SEPT4 	 0
SEPT5 	 0
SEPT5-GP1BB 	 0
SEPT6 	 0
SEPT7 	 218
SEPT7L 	 0
SEPT7P2 	 0
SEPT8 	 0
SEPT9 	 0
SEPW1 	 0
SEPX1 	 0
SERAC1 	 0
SERBP1 	 4
SERF2 	 62
SERF2-C15ORF63 	 0
SERGEF 	 0
SERHL 	 0
SERHL2 	 0
SERINC1 	 80
SERINC2 	 0
SERINC3 	 50
SERINC4 	 0
SERINC5 	 360
SERP1 	 0
SERP2 	 0
SERPINA1 	 0
SERPINA10 	 0
SERPINA11 	 0
SERPINA12 	 0
SERPINA13 	 0
SERPINA3 	 0
SERPINA4 	 0
SERPINA5 	 0
SERPINA6 	 0
SERPINA7 	 0
SERPINA9 	 0
SERPINB1 	 0
SERPINB10 	 0
SERPINB11 	 0
SERPINB12 	 0
SERPINB13 	 0
SERPINB2 	 0
SERPINB3 	 0
SERPINB4 	 0
SERPINB5 	 0
SERPINB6 	 0
SERPINB7 	 0
SERPINB8 	 0
SERPINB9 	 0
SERPINC1 	 0
SERPIND1 	 0
SERPINE1 	 0
SERPINE2 	 0
SERPINE3 	 0
SERPINF1 	 0
SERPINF2 	 0
SERPING1 	 0
SERPINH1 	 0
SERPINI1 	 0
SERPINI2 	 0
SERTAD1 	 0
SERTAD2 	 0
SERTAD3 	 0
SERTAD4 	 0
SERTM1 	 0
SESN1 	 0
SESN2 	 0
SESN3 	 0
SESTD1 	 0
SET 	 403
SETBP1 	 0
SETD1A 	 0
SETD1B 	 0
SETD2 	 95
SETD3 	 0
SETD4 	 0
SETD5 	 64
SETD6 	 0
SETD7 	 0
SETD8 	 1
SETD9 	 0
SETDB1 	 0
SETDB2 	 0
SETMAR 	 0
SETX 	 0
SEZ6 	 1
SEZ6L 	 0
SEZ6L2 	 0
SF1 	 0
SF3A1 	 0
SF3A2 	 0
SF3A3 	 0
SF3B1 	 7
SF3B14 	 20
SF3B2 	 4
SF3B3 	 0
SF3B4 	 0
SF3B5 	 106
SFI1 	 0
SFMBT1 	 0
SFMBT2 	 0
SFN 	 0
SFPQ 	 0
SFR1 	 0
SFRP1 	 0
SFRP2 	 0
SFRP4 	 0
SFRP5 	 0
SFSWAP 	 0
SFT2D1 	 252
SFT2D2 	 0
SFT2D3 	 0
SFTA1P 	 0
SFTA3 	 0
SFTPA1 	 0
SFTPA2 	 0
SFTPB 	 0
SFTPC 	 0
SFTPD 	 0
SFXN1 	 0
SFXN2 	 0
SFXN3 	 145
SFXN4 	 0
SFXN5 	 0
SGCA 	 0
SGCB 	 429
SGCD 	 0
SGCE 	 0
SGCG 	 0
SGCZ 	 0
SGIP1 	 0
SGK1 	 0
SGK196 	 0
SGK2 	 0
SGK223 	 0
SGK3 	 0
SGK494 	 0
SGMS1 	 0
SGMS2 	 0
SGOL1 	 0
SGOL2 	 0
SGPL1 	 0
SGPP1 	 0
SGPP2 	 0
SGSH 	 0
SGSM1 	 0
SGSM2 	 0
SGSM3 	 0
SGTA 	 0
SGTB 	 44
SH2B1 	 0
SH2B2 	 0
SH2B3 	 0
SH2D1A 	 0
SH2D1B 	 0
SH2D2A 	 0
SH2D3A 	 0
SH2D3C 	 38
SH2D4A 	 0
SH2D4B 	 0
SH2D5 	 0
SH2D6 	 0
SH2D7 	 0
SH3BGR 	 0
SH3BGRL 	 0
SH3BGRL2 	 0
SH3BGRL3 	 0
SH3BP1 	 0
SH3BP2 	 51
SH3BP4 	 0
SH3BP5 	 0
SH3BP5L 	 0
SH3D19 	 0
SH3D21 	 0
SH3GL1 	 5
SH3GL1P1 	 0
SH3GL1P2 	 0
SH3GL2 	 0
SH3GL3 	 0
SH3GLB1 	 108
SH3GLB2 	 0
SH3KBP1 	 0
SH3PXD2A 	 0
SH3PXD2B 	 0
SH3RF1 	 0
SH3RF2 	 0
SH3RF3 	 90
SH3TC1 	 0
SH3TC2 	 0
SH3YL1 	 0
SHANK1 	 0
SHANK2 	 0
SHANK3 	 0
SHARPIN 	 0
SHB 	 0
SHBG 	 0
SHC1 	 0
SHC2 	 0
SHC3 	 0
SHC4 	 0
SHCBP1 	 0
SHCBP1L 	 0
SHD 	 0
SHE 	 0
SHF 	 0
SHFM1 	 0
SHH 	 0
SHISA2 	 0
SHISA3 	 0
SHISA4 	 0
SHISA5 	 0
SHISA6 	 0
SHISA7 	 0
SHISA8 	 0
SHISA9 	 0
SHKBP1 	 0
SHMT1 	 0
SHMT2 	 0
SHOC2 	 120
SHOX 	 0
SHOX2 	 0
SHPK 	 0
SHPRH 	 0
SHQ1 	 0
SHROOM1 	 0
SHROOM2 	 0
SHROOM3 	 0
SHROOM4 	 0
SI 	 0
SIAE 	 0
SIAH1 	 0
SIAH2 	 0
SIAH3 	 0
SIDT1 	 0
SIDT2 	 0
SIGIRR 	 0
SIGLEC1 	 0
SIGLEC10 	 0
SIGLEC11 	 0
SIGLEC12 	 0
SIGLEC14 	 0
SIGLEC15 	 0
SIGLEC16 	 0
SIGLEC5 	 0
SIGLEC6 	 0
SIGLEC7 	 0
SIGLEC8 	 0
SIGLEC9 	 0
SIGLECP3 	 0
SIGMAR1 	 0
SIK1 	 0
SIK2 	 0
SIK3 	 0
SIKE1 	 0
SIL1 	 0
SIM1 	 0
SIM2 	 0
SIN3A 	 9
SIN3B 	 0
SIPA1 	 0
SIPA1L1 	 156
SIPA1L2 	 0
SIPA1L3 	 0
SIRPA 	 0
SIRPB1 	 0
SIRPB2 	 0
SIRPD 	 0
SIRPG 	 0
SIRT1 	 0
SIRT2 	 0
SIRT3 	 0
SIRT4 	 0
SIRT5 	 0
SIRT6 	 0
SIRT7 	 0
SIT1 	 0
SIVA1 	 0
SIX1 	 0
SIX2 	 0
SIX3 	 0
SIX4 	 0
SIX5 	 0
SIX6 	 0
SKA1 	 0
SKA2 	 224
SKA3 	 0
SKAP1 	 0
SKAP2 	 0
SKI 	 0
SKIL 	 0
SKINTL 	 0
SKIV2L2 	 0
SKOR1 	 0
SKP1 	 106
SKP1P2 	 5
SKP2 	 0
SLA 	 154
SLA2 	 0
SLAIN1 	 0
SLAIN2 	 85
SLAMF1 	 0
SLAMF6 	 0
SLAMF7 	 0
SLAMF8 	 0
SLAMF9 	 0
SLBP 	 0
SLC10A1 	 0
SLC10A2 	 0
SLC10A3 	 0
SLC10A4 	 0
SLC10A5 	 0
SLC10A6 	 0
SLC10A7 	 0
SLC11A1 	 0
SLC11A2 	 0
SLC12A1 	 0
SLC12A2 	 101
SLC12A3 	 0
SLC12A4 	 0
SLC12A5 	 0
SLC12A6 	 0
SLC12A7 	 0
SLC12A8 	 0
SLC12A9 	 0
SLC13A1 	 0
SLC13A2 	 0
SLC13A3 	 0
SLC13A4 	 0
SLC13A5 	 0
SLC14A1 	 0
SLC14A2 	 0
SLC15A1 	 0
SLC15A2 	 0
SLC15A3 	 0
SLC15A4 	 0
SLC15A5 	 0
SLC16A1 	 0
SLC16A10 	 0
SLC16A11 	 0
SLC16A12 	 0
SLC16A13 	 0
SLC16A14 	 0
SLC16A2 	 0
SLC16A3 	 0
SLC16A4 	 0
SLC16A5 	 0
SLC16A6 	 0
SLC16A7 	 4
SLC16A8 	 0
SLC16A9 	 0
SLC17A1 	 0
SLC17A2 	 0
SLC17A3 	 0
SLC17A4 	 0
SLC17A5 	 0
SLC17A6 	 0
SLC17A7 	 0
SLC17A8 	 0
SLC17A9 	 0
SLC18A1 	 0
SLC18A2 	 0
SLC18A3 	 0
SLC19A1 	 0
SLC19A2 	 0
SLC19A3 	 0
SLC1A1 	 0
SLC1A2 	 8
SLC1A3 	 0
SLC1A4 	 0
SLC1A5 	 0
SLC1A6 	 0
SLC1A7 	 0
SLC20A1 	 0
SLC20A2 	 0
SLC22A1 	 0
SLC22A10 	 0
SLC22A11 	 0
SLC22A12 	 0
SLC22A13 	 0
SLC22A14 	 0
SLC22A15 	 0
SLC22A16 	 0
SLC22A17 	 0
SLC22A18 	 0
SLC22A18AS 	 0
SLC22A2 	 0
SLC22A20 	 0
SLC22A23 	 0
SLC22A24 	 0
SLC22A25 	 0
SLC22A3 	 0
SLC22A31 	 0
SLC22A4 	 0
SLC22A5 	 0
SLC22A6 	 0
SLC22A7 	 0
SLC22A8 	 0
SLC22A9 	 0
SLC23A1 	 0
SLC23A2 	 0
SLC23A3 	 0
SLC24A1 	 0
SLC24A2 	 0
SLC24A3 	 0
SLC24A4 	 0
SLC24A5 	 0
SLC24A6 	 0
SLC25A1 	 1
SLC25A10 	 0
SLC25A11 	 0
SLC25A12 	 0
SLC25A13 	 0
SLC25A14 	 319
SLC25A15 	 0
SLC25A16 	 0
SLC25A17 	 0
SLC25A18 	 0
SLC25A19 	 0
SLC25A2 	 0
SLC25A20 	 0
SLC25A21 	 0
SLC25A22 	 0
SLC25A23 	 0
SLC25A24 	 0
SLC25A25 	 0
SLC25A26 	 0
SLC25A27 	 0
SLC25A28 	 0
SLC25A29 	 0
SLC25A3 	 0
SLC25A30 	 0
SLC25A31 	 0
SLC25A32 	 0
SLC25A33 	 0
SLC25A34 	 0
SLC25A35 	 0
SLC25A36 	 0
SLC25A37 	 0
SLC25A38 	 0
SLC25A39 	 0
SLC25A4 	 0
SLC25A40 	 0
SLC25A41 	 0
SLC25A42 	 0
SLC25A43 	 0
SLC25A44 	 0
SLC25A45 	 0
SLC25A46 	 0
SLC25A47 	 0
SLC25A48 	 0
SLC25A5 	 0
SLC25A5-AS1 	 0
SLC25A6 	 0
SLC26A1 	 0
SLC26A10 	 0
SLC26A11 	 0
SLC26A2 	 0
SLC26A3 	 0
SLC26A4 	 0
SLC26A5 	 0
SLC26A6 	 0
SLC26A7 	 0
SLC26A8 	 0
SLC26A9 	 0
SLC27A1 	 0
SLC27A2 	 0
SLC27A3 	 0
SLC27A4 	 0
SLC27A5 	 0
SLC27A6 	 0
SLC28A1 	 0
SLC28A2 	 0
SLC28A3 	 0
SLC29A1 	 0
SLC29A2 	 0
SLC29A3 	 0
SLC29A4 	 0
SLC2A1 	 0
SLC2A10 	 0
SLC2A11 	 0
SLC2A12 	 0
SLC2A13 	 0
SLC2A14 	 0
SLC2A2 	 0
SLC2A3 	 0
SLC2A4 	 0
SLC2A4RG 	 0
SLC2A5 	 0
SLC2A6 	 0
SLC2A7 	 0
SLC2A8 	 0
SLC2A9 	 0
SLC30A1 	 0
SLC30A10 	 0
SLC30A2 	 0
SLC30A3 	 0
SLC30A4 	 0
SLC30A5 	 3
SLC30A6 	 0
SLC30A7 	 0
SLC30A8 	 0
SLC30A9 	 0
SLC31A1 	 0
SLC31A2 	 0
SLC32A1 	 0
SLC33A1 	 0
SLC34A1 	 0
SLC34A2 	 0
SLC34A3 	 0
SLC35A1 	 0
SLC35A2 	 0
SLC35A3 	 0
SLC35A4 	 0
SLC35A5 	 0
SLC35B1 	 217
SLC35B2 	 0
SLC35B3 	 0
SLC35B4 	 0
SLC35C1 	 0
SLC35C2 	 0
SLC35D1 	 0
SLC35D2 	 0
SLC35D3 	 0
SLC35E1 	 0
SLC35E2 	 15
SLC35E2B 	 0
SLC35E3 	 0
SLC35E4 	 0
SLC35F1 	 0
SLC35F2 	 0
SLC35F3 	 0
SLC35F4 	 0
SLC35F5 	 0
SLC35G1 	 0
SLC35G3 	 0
SLC35G5 	 0
SLC35G6 	 0
SLC36A1 	 0
SLC36A2 	 0
SLC36A3 	 0
SLC36A4 	 0
SLC37A1 	 0
SLC37A2 	 0
SLC37A3 	 0
SLC37A4 	 0
SLC38A1 	 57
SLC38A10 	 0
SLC38A11 	 0
SLC38A2 	 6
SLC38A3 	 0
SLC38A4 	 0
SLC38A5 	 0
SLC38A6 	 0
SLC38A7 	 0
SLC38A8 	 0
SLC38A9 	 0
SLC39A1 	 0
SLC39A10 	 2
SLC39A11 	 0
SLC39A12 	 0
SLC39A13 	 0
SLC39A14 	 0
SLC39A2 	 0
SLC39A3 	 0
SLC39A4 	 0
SLC39A5 	 0
SLC39A6 	 247
SLC39A8 	 0
SLC39A9 	 1
SLC3A1 	 0
SLC3A2 	 3
SLC40A1 	 0
SLC41A1 	 0
SLC41A2 	 0
SLC41A3 	 0
SLC43A1 	 105
SLC43A2 	 0
SLC43A3 	 0
SLC44A1 	 0
SLC44A2 	 0
SLC44A3 	 0
SLC44A4 	 0
SLC44A5 	 0
SLC45A1 	 0
SLC45A2 	 0
SLC45A3 	 0
SLC45A4 	 0
SLC46A1 	 0
SLC46A2 	 0
SLC46A3 	 0
SLC47A1 	 0
SLC47A2 	 0
SLC48A1 	 0
SLC4A1 	 0
SLC4A10 	 0
SLC4A11 	 0
SLC4A1AP 	 0
SLC4A2 	 0
SLC4A3 	 0
SLC4A4 	 0
SLC4A5 	 0
SLC4A7 	 0
SLC4A8 	 0
SLC4A9 	 0
SLC50A1 	 66
SLC5A1 	 0
SLC5A10 	 0
SLC5A11 	 0
SLC5A12 	 0
SLC5A2 	 0
SLC5A3 	 1
SLC5A4 	 0
SLC5A5 	 0
SLC5A6 	 106
SLC5A7 	 0
SLC5A8 	 0
SLC5A9 	 0
SLC6A1 	 0
SLC6A10P 	 0
SLC6A11 	 0
SLC6A12 	 0
SLC6A13 	 0
SLC6A14 	 0
SLC6A15 	 0
SLC6A16 	 0
SLC6A17 	 0
SLC6A18 	 0
SLC6A19 	 0
SLC6A2 	 0
SLC6A20 	 0
SLC6A3 	 0
SLC6A4 	 0
SLC6A5 	 0
SLC6A6 	 0
SLC6A7 	 0
SLC6A8 	 0
SLC6A9 	 0
SLC7A1 	 0
SLC7A10 	 0
SLC7A11 	 0
SLC7A13 	 0
SLC7A14 	 0
SLC7A2 	 0
SLC7A3 	 0
SLC7A4 	 0
SLC7A5 	 0
SLC7A5P1 	 0
SLC7A5P2 	 0
SLC7A6 	 1
SLC7A6OS 	 0
SLC7A7 	 0
SLC7A8 	 0
SLC7A9 	 0
SLC8A1 	 0
SLC8A2 	 0
SLC8A3 	 0
SLC9A1 	 0
SLC9A10 	 0
SLC9A11 	 0
SLC9A2 	 0
SLC9A3 	 0
SLC9A3R1 	 0
SLC9A3R2 	 0
SLC9A4 	 0
SLC9A5 	 0
SLC9A6 	 0
SLC9A7 	 0
SLC9A7P1 	 1
SLC9A8 	 0
SLC9A9 	 0
SLC9B1 	 0
SLC9B2 	 0
SLCO1A2 	 0
SLCO1B1 	 0
SLCO1B3 	 0
SLCO1B7 	 0
SLCO1C1 	 0
SLCO2A1 	 0
SLCO2B1 	 0
SLCO3A1 	 0
SLCO4A1 	 0
SLCO4C1 	 0
SLCO5A1 	 1
SLCO6A1 	 0
SLED1 	 0
SLFN11 	 0
SLFN12 	 0
SLFN12L 	 0
SLFN13 	 0
SLFN14 	 0
SLFN5 	 0
SLFNL1 	 0
SLIRP 	 167
SLIT1 	 0
SLIT2 	 0
SLIT2-IT1 	 0
SLIT3 	 0
SLITRK1 	 0
SLITRK2 	 0
SLITRK3 	 0
SLITRK4 	 89
SLITRK5 	 0
SLITRK6 	 0
SLK 	 90
SLMAP 	 0
SLMO1 	 0
SLMO2 	 397
SLMO2-ATP5E 	 0
SLN 	 0
SLPI 	 0
SLTM 	 26
SLU7 	 0
SLURP1 	 0
SLX4 	 0
SMA4 	 0
SMA5 	 0
SMAD1 	 0
SMAD2 	 1
SMAD3 	 0
SMAD4 	 0
SMAD5 	 0
SMAD5-AS1 	 0
SMAD6 	 0
SMAD7 	 0
SMAD9 	 0
SMAGP 	 0
SMAP1 	 2
SMAP2 	 0
SMARCA1 	 0
SMARCA2 	 0
SMARCA4 	 0
SMARCA5 	 103
SMARCAD1 	 0
SMARCAL1 	 0
SMARCB1 	 0
SMARCC1 	 0
SMARCC2 	 0
SMARCD1 	 0
SMARCD2 	 0
SMARCD3 	 0
SMARCE1 	 1
SMC1A 	 1
SMC1B 	 0
SMC2 	 0
SMC3 	 0
SMC4 	 0
SMC5 	 0
SMC6 	 0
SMCHD1 	 0
SMCP 	 0
SMCR5 	 0
SMCR7 	 0
SMCR7L 	 0
SMCR8 	 0
SMCR9 	 0
SMEK1 	 0
SMEK2 	 0
SMEK3P 	 0
SMG1 	 11
SMG5 	 0
SMG6 	 0
SMG7 	 0
SMG8 	 5
SMG9 	 0
SMNDC1 	 0
SMO 	 0
SMOC1 	 0
SMOC2 	 0
SMOX 	 0
SMPD1 	 0
SMPD2 	 0
SMPD3 	 0
SMPD4 	 0
SMPDL3A 	 0
SMPDL3B 	 0
SMPX 	 0
SMR3A 	 0
SMR3B 	 0
SMS 	 19
SMTN 	 0
SMTNL1 	 0
SMTNL2 	 0
SMU1 	 127
SMUG1 	 0
SMURF1 	 0
SMURF2 	 0
SMYD1 	 0
SMYD2 	 0
SMYD3 	 0
SMYD4 	 0
SMYD5 	 0
SNAI1 	 0
SNAI2 	 0
SNAI3 	 0
SNAP23 	 0
SNAP25 	 0
SNAP29 	 0
SNAP47 	 0
SNAP91 	 761
SNAPC1 	 6
SNAPC2 	 0
SNAPC3 	 0
SNAPC4 	 0
SNAPC5 	 0
SNAPIN 	 0
SNAR-C3 	 0
SNAR-E 	 0
SNAR-F 	 0
SNAR-G2 	 0
SNAR-H 	 0
SNCA 	 0
SNCAIP 	 0
SNCB 	 0
SNCG 	 0
SND1 	 0
SND1-IT1 	 0
SNED1 	 0
SNF8 	 0
SNHG1 	 0
SNHG10 	 0
SNHG11 	 0
SNHG12 	 0
SNHG15 	 0
SNHG3 	 0
SNHG4 	 0
SNHG5 	 0
SNHG6 	 0
SNHG7 	 0
SNHG8 	 0
SNHG9 	 0
SNIP1 	 0
SNN 	 0
SNORA1 	 0
SNORA10 	 0
SNORA11 	 0
SNORA11B 	 0
SNORA11C 	 0
SNORA12 	 0
SNORA13 	 0
SNORA14A 	 0
SNORA14B 	 0
SNORA15 	 0
SNORA16A 	 0
SNORA16B 	 0
SNORA18 	 0
SNORA19 	 0
SNORA20 	 0
SNORA21 	 0
SNORA22 	 0
SNORA23 	 0
SNORA24 	 0
SNORA25 	 0
SNORA26 	 0
SNORA27 	 0
SNORA28 	 0
SNORA29 	 0
SNORA2A 	 0
SNORA2B 	 0
SNORA3 	 0
SNORA30 	 0
SNORA31 	 0
SNORA32 	 0
SNORA33 	 78
SNORA34 	 0
SNORA35 	 0
SNORA36A 	 0
SNORA36B 	 0
SNORA36C 	 0
SNORA37 	 0
SNORA38B 	 0
SNORA39 	 0
SNORA4 	 0
SNORA40 	 0
SNORA41 	 0
SNORA42 	 0
SNORA44 	 0
SNORA45 	 0
SNORA46 	 0
SNORA47 	 0
SNORA48 	 0
SNORA49 	 0
SNORA50 	 0
SNORA51 	 0
SNORA52 	 0
SNORA53 	 0
SNORA54 	 0
SNORA55 	 0
SNORA56 	 0
SNORA57 	 0
SNORA58 	 0
SNORA5A 	 0
SNORA5B 	 0
SNORA6 	 0
SNORA60 	 0
SNORA61 	 0
SNORA62 	 0
SNORA63 	 0
SNORA64 	 0
SNORA65 	 0
SNORA66 	 0
SNORA67 	 0
SNORA68 	 0
SNORA69 	 0
SNORA70 	 0
SNORA70B 	 0
SNORA70C 	 0
SNORA70D 	 0
SNORA70E 	 0
SNORA70F 	 0
SNORA70G 	 0
SNORA71A 	 0
SNORA71B 	 0
SNORA71D 	 0
SNORA72 	 0
SNORA74B 	 0
SNORA75 	 0
SNORA76 	 0
SNORA77 	 0
SNORA78 	 0
SNORA79 	 0
SNORA7B 	 0
SNORA8 	 0
SNORA80 	 0
SNORA80B 	 0
SNORA81 	 0
SNORA84 	 0
SNORA9 	 0
SNORD10 	 0
SNORD100 	 28
SNORD101 	 0
SNORD102 	 0
SNORD104 	 0
SNORD105 	 0
SNORD105B 	 0
SNORD11 	 0
SNORD110 	 0
SNORD111 	 0
SNORD111B 	 0
SNORD113-1 	 0
SNORD113-2 	 0
SNORD113-4 	 0
SNORD113-5 	 0
SNORD113-6 	 0
SNORD113-7 	 0
SNORD113-9 	 0
SNORD114-1 	 0
SNORD114-10 	 0
SNORD114-11 	 0
SNORD114-12 	 0
SNORD114-13 	 0
SNORD114-14 	 0
SNORD114-15 	 0
SNORD114-16 	 0
SNORD114-17 	 0
SNORD114-18 	 0
SNORD114-19 	 0
SNORD114-2 	 0
SNORD114-20 	 0
SNORD114-21 	 0
SNORD114-22 	 0
SNORD114-23 	 0
SNORD114-24 	 0
SNORD114-25 	 0
SNORD114-26 	 0
SNORD114-27 	 0
SNORD114-28 	 0
SNORD114-29 	 0
SNORD114-3 	 0
SNORD114-30 	 0
SNORD114-31 	 0
SNORD114-4 	 0
SNORD114-5 	 0
SNORD114-6 	 0
SNORD114-7 	 0
SNORD114-8 	 0
SNORD114-9 	 0
SNORD115-1 	 0
SNORD115-10 	 0
SNORD115-13 	 0
SNORD115-14 	 0
SNORD115-16 	 0
SNORD115-2 	 0
SNORD115-20 	 0
SNORD115-22 	 0
SNORD115-24 	 0
SNORD115-25 	 0
SNORD115-26 	 0
SNORD115-27 	 0
SNORD115-31 	 0
SNORD115-32 	 0
SNORD115-33 	 0
SNORD115-34 	 0
SNORD115-35 	 0
SNORD115-38 	 0
SNORD115-39 	 0
SNORD115-4 	 0
SNORD115-40 	 0
SNORD115-41 	 0
SNORD115-44 	 0
SNORD115-45 	 0
SNORD115-47 	 0
SNORD115-48 	 0
SNORD115-6 	 0
SNORD115-7 	 0
SNORD115-8 	 0
SNORD116-1 	 0
SNORD116-10 	 0
SNORD116-11 	 0
SNORD116-12 	 0
SNORD116-13 	 0
SNORD116-14 	 0
SNORD116-15 	 0
SNORD116-16 	 0
SNORD116-18 	 0
SNORD116-2 	 0
SNORD116-20 	 0
SNORD116-21 	 0
SNORD116-22 	 0
SNORD116-23 	 0
SNORD116-24 	 0
SNORD116-25 	 0
SNORD116-26 	 0
SNORD116-27 	 0
SNORD116-28 	 0
SNORD116-29 	 0
SNORD116-4 	 0
SNORD116-8 	 0
SNORD119 	 0
SNORD11B 	 0
SNORD12 	 0
SNORD121A 	 0
SNORD121B 	 0
SNORD123 	 0
SNORD126 	 0
SNORD127 	 0
SNORD12B 	 0
SNORD12C 	 0
SNORD15A 	 0
SNORD15B 	 0
SNORD16 	 0
SNORD17 	 0
SNORD18A 	 0
SNORD18B 	 0
SNORD18C 	 0
SNORD19 	 0
SNORD19B 	 0
SNORD1A 	 0
SNORD1B 	 0
SNORD1C 	 0
SNORD2 	 0
SNORD20 	 0
SNORD21 	 0
SNORD22 	 0
SNORD23 	 0
SNORD24 	 0
SNORD25 	 0
SNORD26 	 0
SNORD27 	 0
SNORD28 	 0
SNORD29 	 0
SNORD30 	 0
SNORD31 	 0
SNORD32A 	 0
SNORD33 	 0
SNORD34 	 0
SNORD35A 	 0
SNORD35B 	 0
SNORD36A 	 0
SNORD36B 	 0
SNORD36C 	 0
SNORD38A 	 0
SNORD38B 	 0
SNORD42A 	 0
SNORD42B 	 0
SNORD43 	 0
SNORD44 	 0
SNORD45A 	 0
SNORD45B 	 0
SNORD45C 	 0
SNORD46 	 0
SNORD47 	 0
SNORD49A 	 0
SNORD49B 	 0
SNORD4A 	 0
SNORD4B 	 0
SNORD5 	 0
SNORD50A 	 0
SNORD50B 	 0
SNORD51 	 0
SNORD53 	 0
SNORD54 	 0
SNORD55 	 0
SNORD56 	 0
SNORD56B 	 0
SNORD57 	 0
SNORD58A 	 0
SNORD58C 	 0
SNORD59A 	 0
SNORD59B 	 0
SNORD6 	 0
SNORD60 	 0
SNORD61 	 0
SNORD63 	 0
SNORD65 	 0
SNORD66 	 0
SNORD67 	 0
SNORD68 	 0
SNORD69 	 0
SNORD7 	 0
SNORD70 	 0
SNORD71 	 0
SNORD72 	 0
SNORD73A 	 0
SNORD74 	 0
SNORD75 	 0
SNORD76 	 0
SNORD77 	 0
SNORD78 	 0
SNORD79 	 0
SNORD8 	 0
SNORD80 	 0
SNORD81 	 0
SNORD82 	 0
SNORD83A 	 0
SNORD83B 	 0
SNORD85 	 0
SNORD87 	 0
SNORD88A 	 0
SNORD88B 	 0
SNORD88C 	 0
SNORD89 	 0
SNORD9 	 0
SNORD90 	 0
SNORD91A 	 0
SNORD91B 	 0
SNORD92 	 0
SNORD93 	 0
SNORD94 	 0
SNORD95 	 0
SNORD96A 	 0
SNORD96B 	 0
SNORD97 	 0
SNORD98 	 0
SNORD99 	 0
SNPH 	 0
SNRK 	 23
SNRNP200 	 0
SNRNP25 	 0
SNRNP27 	 0
SNRNP35 	 0
SNRNP40 	 0
SNRNP48 	 0
SNRNP70 	 0
SNRPA 	 0
SNRPA1 	 19
SNRPB 	 0
SNRPB2 	 51
SNRPC 	 0
SNRPD1 	 339
SNRPD2 	 9
SNRPD2P2 	 0
SNRPD3 	 0
SNRPE 	 577
SNRPF 	 0
SNRPG 	 0
SNRPN 	 0
SNTA1 	 0
SNTB1 	 0
SNTB2 	 0
SNTG1 	 0
SNTG2 	 0
SNTN 	 0
SNUPN 	 0
SNURF 	 0
SNW1 	 0
SNX1 	 0
SNX10 	 0
SNX11 	 0
SNX12 	 0
SNX13 	 0
SNX14 	 0
SNX16 	 0
SNX17 	 0
SNX18 	 0
SNX19 	 0
SNX2 	 0
SNX20 	 0
SNX21 	 0
SNX22 	 0
SNX24 	 0
SNX25 	 0
SNX27 	 0
SNX29 	 0
SNX29P1 	 0
SNX29P2 	 0
SNX3 	 0
SNX30 	 0
SNX31 	 0
SNX32 	 0
SNX33 	 0
SNX4 	 2
SNX5 	 0
SNX6 	 1
SNX7 	 0
SNX8 	 0
SNX9 	 0
SOAT1 	 0
SOAT2 	 0
SOBP 	 0
SOCS1 	 0
SOCS2 	 0
SOCS3 	 0
SOCS4 	 0
SOCS5 	 0
SOCS6 	 0
SOCS7 	 0
SOD1 	 0
SOD2 	 0
SOD3 	 0
SOHLH1 	 0
SOLH 	 0
SON 	 383
SORBS1 	 0
SORBS2 	 0
SORBS3 	 0
SORCS1 	 0
SORCS2 	 0
SORCS3 	 0
SORD 	 0
SORL1 	 1
SORT1 	 0
SOS1 	 0
SOS2 	 0
SOST 	 0
SOSTDC1 	 0
SOWAHA 	 0
SOWAHB 	 0
SOWAHC 	 0
SOWAHD 	 0
SOX1 	 0
SOX10 	 0
SOX11 	 3068
SOX12 	 1
SOX13 	 0
SOX14 	 0
SOX15 	 0
SOX17 	 0
SOX18 	 0
SOX2 	 0
SOX2-OT 	 0
SOX21 	 0
SOX3 	 0
SOX30 	 0
SOX4 	 3058
SOX5 	 0
SOX6 	 0
SOX7 	 0
SOX8 	 0
SOX9 	 0
SP1 	 0
SP100 	 0
SP110 	 0
SP140 	 0
SP140L 	 0
SP2 	 2
SP3 	 0
SP4 	 0
SP5 	 0
SP6 	 0
SP7 	 0
SP8 	 0
SP9 	 0
SPA17 	 0
SPACA1 	 0
SPACA3 	 0
SPACA5 	 0
SPACA7 	 0
SPAG1 	 0
SPAG11A 	 0
SPAG11B 	 0
SPAG16 	 0
SPAG17 	 0
SPAG4 	 0
SPAG5 	 0
SPAG5-AS1 	 0
SPAG6 	 0
SPAG7 	 0
SPAG8 	 0
SPAG9 	 40
SPAM1 	 0
SPANXA2-OT1 	 0
SPANXC 	 0
SPANXE 	 0
SPANXN1 	 0
SPANXN2 	 0
SPANXN3 	 0
SPANXN4 	 0
SPARC 	 0
SPARCL1 	 0
SPAST 	 0
SPATA12 	 0
SPATA13 	 0
SPATA16 	 0
SPATA17 	 0
SPATA18 	 0
SPATA19 	 0
SPATA2 	 0
SPATA20 	 0
SPATA21 	 0
SPATA22 	 0
SPATA24 	 0
SPATA25 	 0
SPATA2L 	 0
SPATA3 	 0
SPATA4 	 0
SPATA5 	 0
SPATA5L1 	 0
SPATA6 	 0
SPATA7 	 0
SPATA8 	 0
SPATA9 	 0
SPATC1 	 0
SPATS1 	 0
SPATS2 	 0
SPATS2L 	 0
SPC24 	 0
SPC25 	 0
SPCS1 	 212
SPCS2 	 8
SPCS3 	 1
SPDEF 	 0
SPDYA 	 0
SPDYE1 	 0
SPDYE3 	 0
SPDYE4 	 0
SPDYE5 	 0
SPDYE6 	 0
SPDYE7P 	 0
SPDYE8P 	 0
SPECC1 	 0
SPECC1L 	 0
SPEF1 	 0
SPEF2 	 0
SPEG 	 0
SPEM1 	 0
SPEN 	 19
SPERT 	 0
SPESP1 	 0
SPG11 	 0
SPG20 	 0
SPG20OS 	 0
SPG21 	 0
SPG7 	 0
SPHAR 	 0
SPHK1 	 0
SPHK2 	 0
SPHKAP 	 10
SPI1 	 0
SPIB 	 0
SPIC 	 0
SPICE1 	 0
SPIN1 	 396
SPIN2A 	 0
SPIN2B 	 0
SPIN3 	 0
SPIN4 	 0
SPINK1 	 0
SPINK13 	 0
SPINK14 	 0
SPINK2 	 0
SPINK4 	 0
SPINK5 	 0
SPINK6 	 0
SPINK7 	 0
SPINK8 	 0
SPINK9 	 0
SPINLW1 	 0
SPINLW1-WFDC6 	 0
SPINT1 	 0
SPINT2 	 0
SPINT3 	 0
SPINT4 	 0
SPIRE1 	 74
SPIRE2 	 0
SPN 	 0
SPNS1 	 0
SPNS2 	 0
SPNS3 	 0
SPO11 	 0
SPOCD1 	 0
SPOCK1 	 0
SPOCK2 	 0
SPOCK3 	 0
SPON1 	 0
SPON2 	 0
SPOP 	 0
SPOPL 	 0
SPP1 	 0
SPP2 	 0
SPPL2A 	 0
SPPL2B 	 0
SPPL3 	 8
SPR 	 0
SPRED1 	 0
SPRED2 	 0
SPRED3 	 0
SPRN 	 0
SPRNP1 	 0
SPRR1A 	 0
SPRR2A 	 0
SPRR2C 	 0
SPRR2D 	 0
SPRR2E 	 0
SPRR2F 	 0
SPRR2G 	 0
SPRR3 	 0
SPRR4 	 0
SPRY1 	 0
SPRY2 	 0
SPRY3 	 0
SPRY4 	 0
SPRYD3 	 0
SPRYD4 	 0
SPRYD5 	 0
SPRYD7 	 0
SPSB1 	 0
SPSB2 	 0
SPSB3 	 58
SPSB4 	 0
SPTA1 	 0
SPTAN1 	 524
SPTB 	 0
SPTBN1 	 0
SPTBN2 	 1
SPTBN4 	 0
SPTBN5 	 0
SPTLC1 	 0
SPTLC2 	 0
SPTLC3 	 0
SPTSSA 	 0
SPTSSB 	 0
SPTY2D1 	 0
SPZ1 	 0
SQLE 	 15
SQRDL 	 0
SQSTM1 	 0
SRA1 	 74
SRBD1 	 0
SRC 	 0
SRCAP 	 0
SRCIN1 	 0
SRCRB4D 	 0
SRD5A1 	 0
SRD5A1P1 	 0
SRD5A2 	 0
SRD5A3 	 0
SREBF1 	 0
SREBF2 	 0
SREK1 	 0
SREK1IP1 	 0
SRF 	 0
SRFBP1 	 284
SRG7 	 0
SRGAP1 	 860
SRGAP2 	 0
SRGAP2P2 	 0
SRGAP3 	 0
SRGN 	 0
SRI 	 0
SRL 	 0
SRM 	 0
SRMS 	 0
SRP14 	 7
SRP19 	 3
SRP54 	 0
SRP68 	 0
SRP72 	 24
SRP9 	 630
SRPK1 	 0
SRPK2 	 165
SRPK3 	 0
SRPR 	 0
SRPRB 	 0
SRPX 	 0
SRPX2 	 0
SRR 	 0
SRRD 	 0
SRRM1 	 0
SRRM2 	 7
SRRM3 	 0
SRRM4 	 37
SRRM5 	 0
SRRT 	 0
SRSF1 	 0
SRSF10 	 0
SRSF11 	 215
SRSF12 	 0
SRSF2 	 5
SRSF3 	 203
SRSF4 	 0
SRSF5 	 0
SRSF6 	 1428
SRSF7 	 0
SRSF8 	 0
SRSF9 	 0
SRXN1 	 0
SRY 	 0
SS18 	 0
SS18L1 	 0
SS18L2 	 2
SSB 	 51
SSBP1 	 1
SSBP2 	 47
SSBP3 	 0
SSBP4 	 0
SSC5D 	 0
SSFA2 	 0
SSH1 	 0
SSH2 	 9
SSH3 	 0
SSNA1 	 0
SSPN 	 0
SSPO 	 0
SSR1 	 16
SSR2 	 29
SSR3 	 0
SSR4 	 0
SSR4P1 	 0
SSRP1 	 0
SSSCA1 	 0
SST 	 0
SSTR1 	 0
SSTR2 	 0
SSTR3 	 0
SSTR4 	 0
SSTR5 	 0
SSU72 	 0
SSX1 	 0
SSX2IP 	 0
SSX3 	 0
SSX5 	 0
SSX6 	 0
SSX7 	 0
SSX8 	 0
ST13 	 0
ST13P4 	 0
ST14 	 0
ST18 	 0
ST20 	 0
ST3GAL1 	 28
ST3GAL2 	 0
ST3GAL3 	 0
ST3GAL4 	 0
ST3GAL5 	 21
ST3GAL6 	 0
ST5 	 0
ST6GAL1 	 1
ST6GAL2 	 0
ST6GALNAC1 	 0
ST6GALNAC2 	 0
ST6GALNAC3 	 0
ST6GALNAC4 	 0
ST6GALNAC5 	 0
ST6GALNAC6 	 0
ST7 	 0
ST7-AS1 	 0
ST7-AS2 	 0
ST7-OT3 	 0
ST7-OT4 	 0
ST7L 	 0
ST8SIA1 	 5
ST8SIA2 	 0
ST8SIA3 	 0
ST8SIA4 	 0
ST8SIA5 	 0
ST8SIA6 	 0
STAB1 	 0
STAB2 	 0
STAC 	 0
STAC2 	 0
STAC3 	 21
STAG1 	 0
STAG2 	 0
STAG3 	 0
STAG3L1 	 0
STAG3L2 	 0
STAG3L3 	 0
STAG3L4 	 0
STAM 	 90
STAM2 	 0
STAMBP 	 7
STAMBPL1 	 0
STAP1 	 0
STAP2 	 0
STAR 	 0
STARD10 	 0
STARD13 	 0
STARD3 	 0
STARD3NL 	 0
STARD4 	 0
STARD5 	 0
STARD6 	 0
STARD7 	 2
STARD8 	 0
STARD9 	 0
STAT1 	 0
STAT2 	 19
STAT3 	 0
STAT4 	 0
STAT5A 	 0
STAT5B 	 0
STAT6 	 0
STATH 	 0
STAU1 	 62
STAU2 	 15
STBD1 	 0
STC1 	 0
STC2 	 0
STEAP1 	 0
STEAP1B 	 0
STEAP2 	 0
STEAP3 	 0
STEAP4 	 0
STH 	 0
STIL 	 0
STIM1 	 0
STIM2 	 1
STIP1 	 0
STK10 	 0
STK11 	 0
STK11IP 	 0
STK16 	 0
STK17A 	 0
STK17B 	 0
STK19 	 0
STK24 	 0
STK25 	 0
STK3 	 0
STK31 	 0
STK32A 	 0
STK32B 	 0
STK32C 	 0
STK33 	 0
STK35 	 266
STK36 	 0
STK38 	 0
STK38L 	 0
STK39 	 0
STK4 	 0
STK40 	 2
STL 	 0
STMN1 	 2286
STMN2 	 1418
STMN3 	 0
STMN4 	 6
STOM 	 0
STOML1 	 0
STOML2 	 0
STOML3 	 0
STON1 	 0
STON1-GTF2A1L 	 0
STON2 	 0
STOX1 	 0
STOX2 	 0
STRA13 	 0
STRA6 	 0
STRA8 	 0
STRADA 	 0
STRADB 	 0
STRAP 	 169
STRBP 	 8
STRC 	 0
STRN 	 43
STRN3 	 55
STRN4 	 0
STS 	 0
STT3A 	 0
STT3B 	 0
STUB1 	 0
STX10 	 0
STX11 	 0
STX12 	 329
STX16 	 0
STX16-NPEPL1 	 0
STX17 	 0
STX18 	 0
STX19 	 0
STX1A 	 0
STX1B 	 0
STX2 	 0
STX3 	 0
STX4 	 0
STX5 	 0
STX6 	 98
STX7 	 0
STX8 	 0
STXBP1 	 8
STXBP2 	 0
STXBP3 	 0
STXBP4 	 0
STXBP5 	 0
STXBP5L 	 0
STXBP6 	 0
STYK1 	 0
STYX 	 0
STYXL1 	 0
SUB1 	 0
SUCLA2 	 0
SUCLG1 	 0
SUCLG2 	 0
SUCNR1 	 0
SUDS3 	 0
SUFU 	 0
SUGP1 	 0
SUGP2 	 143
SUGT1 	 0
SUGT1P1 	 0
SUGT1P3 	 0
SULF1 	 0
SULF2 	 0
SULT1A1 	 0
SULT1A2 	 0
SULT1B1 	 0
SULT1C2 	 0
SULT1C2P1 	 0
SULT1C3 	 0
SULT1C4 	 0
SULT1E1 	 0
SULT2A1 	 0
SULT2B1 	 0
SULT4A1 	 0
SULT6B1 	 0
SUMF1 	 0
SUMF2 	 0
SUMO1 	 0
SUMO1P1 	 0
SUMO1P3 	 0
SUMO2 	 69
SUMO3 	 0
SUMO4 	 0
SUN1 	 0
SUN2 	 0
SUN3 	 0
SUN5 	 0
SUOX 	 0
SUPT16H 	 25
SUPT3H 	 0
SUPT4H1 	 0
SUPT5H 	 0
SUPT6H 	 0
SUPT7L 	 0
SUPV3L1 	 0
SURF1 	 0
SURF2 	 0
SURF4 	 0
SURF6 	 0
SUSD1 	 0
SUSD2 	 0
SUSD3 	 0
SUSD4 	 0
SUSD5 	 0
SUV39H1 	 0
SUV39H2 	 0
SUV420H1 	 0
SUV420H2 	 0
SUZ12 	 0
SUZ12P 	 0
SV2A 	 0
SV2B 	 0
SV2C 	 0
SVEP1 	 0
SVIL 	 0
SVIP 	 0
SVOP 	 0
SVOPL 	 0
SWAP70 	 0
SWI5 	 0
SWSAP1 	 0
SWT1 	 0
SYAP1 	 1
SYBU 	 0
SYCE1 	 0
SYCE1L 	 0
SYCE2 	 0
SYCE3 	 0
SYCN 	 0
SYCP1 	 0
SYCP2 	 0
SYCP2L 	 0
SYCP3 	 0
SYDE1 	 0
SYDE2 	 0
SYF2 	 8
SYK 	 0
SYMPK 	 0
SYN1 	 0
SYN2 	 0
SYN3 	 0
SYNC 	 0
SYNCRIP 	 0
SYNDIG1 	 0
SYNDIG1L 	 0
SYNE1 	 170
SYNE2 	 449
SYNGAP1 	 0
SYNGR1 	 0
SYNGR2 	 0
SYNGR3 	 0
SYNGR4 	 0
SYNJ1 	 0
SYNJ2 	 0
SYNJ2BP 	 717
SYNJ2BP-COX16 	 0
SYNM 	 0
SYNPO 	 0
SYNPO2 	 0
SYNPO2L 	 0
SYNPR 	 0
SYNRG 	 0
SYP 	 0
SYPL1 	 23
SYPL2 	 0
SYS1 	 0
SYS1-DBNDD2 	 15
SYT1 	 0
SYT10 	 0
SYT11 	 0
SYT12 	 0
SYT13 	 0
SYT14 	 0
SYT14L 	 0
SYT15 	 0
SYT16 	 0
SYT17 	 0
SYT2 	 0
SYT3 	 0
SYT4 	 1
SYT5 	 0
SYT6 	 0
SYT7 	 0
SYT8 	 0
SYT9 	 0
SYTL1 	 0
SYTL2 	 0
SYTL3 	 0
SYTL4 	 0
SYTL5 	 0
SYVN1 	 0
SZT2 	 0
T 	 0
TAAR1 	 0
TAAR2 	 0
TAAR3 	 0
TAAR5 	 0
TAAR6 	 0
TAAR8 	 0
TAAR9 	 0
TAB1 	 0
TAB2 	 0
TAB3 	 0
TAC1 	 0
TAC3 	 0
TAC4 	 0
TACC1 	 42
TACC2 	 258
TACC3 	 0
TACO1 	 0
TACR1 	 0
TACR2 	 1
TACR3 	 0
TACSTD2 	 0
TADA1 	 0
TADA2A 	 0
TADA2B 	 0
TADA3 	 0
TAF1 	 0
TAF10 	 0
TAF11 	 0
TAF12 	 0
TAF13 	 0
TAF15 	 0
TAF1A 	 0
TAF1B 	 2
TAF1C 	 0
TAF1D 	 65
TAF1L 	 0
TAF2 	 205
TAF3 	 32
TAF4 	 0
TAF4B 	 0
TAF5 	 0
TAF5L 	 0
TAF6 	 0
TAF6L 	 0
TAF7 	 268
TAF7L 	 0
TAF8 	 0
TAF9 	 868
TAF9B 	 0
TAG 	 0
TAGAP 	 0
TAGLN 	 0
TAGLN2 	 0
TAGLN3 	 3
TAL1 	 0
TAL2 	 0
TALDO1 	 0
TAMM41 	 11
TANC1 	 0
TANC2 	 0
TANK 	 65
TAOK1 	 0
TAOK2 	 0
TAOK3 	 0
TAP2 	 0
TAPBP 	 0
TAPBPL 	 0
TAPT1 	 0
TARBP1 	 0
TARBP2 	 0
TARDBP 	 0
TARM1 	 0
TARP 	 0
TARS 	 0
TARS2 	 0
TARSL2 	 30
TAS1R1 	 0
TAS1R2 	 1
TAS1R3 	 0
TAS2R1 	 0
TAS2R10 	 0
TAS2R13 	 63
TAS2R14 	 0
TAS2R16 	 0
TAS2R19 	 0
TAS2R20 	 0
TAS2R3 	 0
TAS2R30 	 0
TAS2R31 	 0
TAS2R38 	 0
TAS2R39 	 0
TAS2R4 	 0
TAS2R40 	 0
TAS2R42 	 0
TAS2R43 	 0
TAS2R46 	 0
TAS2R5 	 0
TAS2R50 	 0
TAS2R60 	 0
TAS2R7 	 0
TAS2R8 	 0
TAS2R9 	 0
TASP1 	 0
TAT 	 0
TATDN1 	 0
TATDN2 	 0
TATDN3 	 0
TAX1BP1 	 1
TAX1BP3 	 0
TAZ 	 0
TBC1D1 	 0
TBC1D10A 	 0
TBC1D10B 	 0
TBC1D10C 	 0
TBC1D12 	 0
TBC1D13 	 0
TBC1D14 	 0
TBC1D15 	 0
TBC1D16 	 0
TBC1D17 	 0
TBC1D19 	 0
TBC1D2 	 0
TBC1D20 	 0
TBC1D21 	 0
TBC1D22A 	 0
TBC1D22B 	 0
TBC1D23 	 0
TBC1D24 	 0
TBC1D25 	 0
TBC1D26 	 0
TBC1D28 	 0
TBC1D29 	 0
TBC1D2B 	 0
TBC1D30 	 0
TBC1D3B 	 0
TBC1D3H 	 0
TBC1D3P1-DHX40P1 	 0
TBC1D3P2 	 0
TBC1D3P5 	 0
TBC1D4 	 0
TBC1D5 	 0
TBC1D7 	 0
TBC1D8 	 0
TBC1D8B 	 0
TBC1D9 	 0
TBC1D9B 	 0
TBCA 	 0
TBCB 	 0
TBCC 	 0
TBCCD1 	 0
TBCD 	 0
TBCE 	 0
TBCEL 	 0
TBCK 	 0
TBK1 	 0
TBKBP1 	 0
TBL1X 	 0
TBL1XR1 	 388
TBL1Y 	 0
TBL2 	 0
TBL3 	 0
TBP 	 0
TBPL1 	 0
TBPL2 	 0
TBR1 	 3
TBRG1 	 0
TBRG4 	 0
TBX1 	 0
TBX10 	 0
TBX15 	 0
TBX18 	 0
TBX19 	 0
TBX2 	 0
TBX20 	 0
TBX21 	 0
TBX22 	 0
TBX3 	 0
TBX4 	 0
TBX5 	 0
TBX6 	 0
TBXA2R 	 0
TBXAS1 	 0
TC2N 	 0
TCAM1P 	 0
TCAP 	 0
TCEA1 	 0
TCEA2 	 0
TCEA3 	 0
TCEAL1 	 4
TCEAL2 	 66
TCEAL3 	 0
TCEAL4 	 25
TCEAL5 	 0
TCEAL6 	 0
TCEAL7 	 43
TCEAL8 	 1
TCEANC 	 0
TCEANC2 	 0
TCEB1 	 0
TCEB2 	 98
TCEB3 	 7
TCEB3B 	 0
TCERG1 	 7
TCERG1L 	 0
TCF12 	 307
TCF15 	 0
TCF19 	 0
TCF20 	 0
TCF21 	 0
TCF23 	 0
TCF24 	 0
TCF25 	 0
TCF3 	 0
TCF4 	 23
TCF7 	 0
TCF7L1 	 0
TCF7L2 	 0
TCFL5 	 0
TCHH 	 0
TCHHL1 	 0
TCHP 	 0
TCIRG1 	 0
TCL1A 	 0
TCL1B 	 0
TCL6 	 0
TCN1 	 0
TCN2 	 0
TCOF1 	 0
TCP1 	 0
TCP10 	 0
TCP10L 	 0
TCP11 	 0
TCP11L1 	 0
TCP11L2 	 0
TCTA 	 0
TCTE1 	 0
TCTE3 	 0
TCTEX1D1 	 0
TCTEX1D2 	 61
TCTEX1D4 	 0
TCTN1 	 0
TCTN2 	 0
TCTN3 	 0
TDG 	 0
TDGF1 	 0
TDGF1P3 	 0
TDH 	 0
TDO2 	 0
TDP1 	 0
TDP2 	 0
TDRD1 	 0
TDRD10 	 0
TDRD12 	 0
TDRD3 	 0
TDRD5 	 0
TDRD6 	 0
TDRD7 	 0
TDRD9 	 0
TDRG1 	 0
TDRKH 	 0
TEAD1 	 0
TEAD2 	 0
TEAD3 	 0
TEAD4 	 0
TEC 	 0
TECPR1 	 0
TECPR2 	 0
TECR 	 0
TECRL 	 0
TECTA 	 0
TECTB 	 0
TEDDM1 	 0
TEF 	 0
TEFM 	 0
TEK 	 0
TEKT1 	 0
TEKT2 	 0
TEKT3 	 0
TEKT4 	 0
TEKT4P2 	 0
TEKT5 	 0
TELO2 	 0
TEN1-CDK3 	 0
TENC1 	 0
TEP1 	 0
TEPP 	 0
TERC 	 0
TERF1 	 0
TERF2 	 0
TERF2IP 	 0
TERT 	 0
TES 	 0
TESC 	 0
TESK1 	 0
TESK2 	 0
TET1 	 0
TET2 	 0
TET3 	 0
TEX10 	 0
TEX101 	 0
TEX11 	 0
TEX12 	 0
TEX13A 	 0
TEX13B 	 0
TEX14 	 0
TEX15 	 0
TEX19 	 0
TEX2 	 0
TEX21P 	 0
TEX22 	 0
TEX26 	 0
TEX26-AS1 	 0
TEX261 	 0
TEX264 	 0
TEX28 	 0
TEX29 	 0
TEX30 	 0
TEX33 	 0
TEX34 	 0
TEX9 	 0
TF 	 0
TFAM 	 0
TFAMP1 	 0
TFAP2A 	 0
TFAP2B 	 0
TFAP2C 	 0
TFAP2D 	 0
TFAP2E 	 0
TFAP4 	 0
TFB1M 	 0
TFB2M 	 0
TFCP2 	 0
TFCP2L1 	 0
TFDP1 	 0
TFDP2 	 0
TFDP3 	 0
TFE3 	 0
TFEB 	 0
TFEC 	 0
TFF1 	 0
TFF2 	 0
TFF3 	 0
TFG 	 0
TFIP11 	 0
TFPI 	 0
TFPI2 	 0
TFPT 	 0
TFR2 	 0
TFRC 	 0
TG 	 0
TGDS 	 0
TGFA 	 0
TGFB1 	 0
TGFB1I1 	 0
TGFB2 	 0
TGFB3 	 0
TGFBI 	 0
TGFBR1 	 779
TGFBR2 	 0
TGFBR3 	 0
TGFBRAP1 	 0
TGIF1 	 0
TGIF2 	 0
TGIF2-C20ORF24 	 0
TGIF2LX 	 0
TGM1 	 0
TGM2 	 0
TGM3 	 0
TGM4 	 0
TGM5 	 0
TGM6 	 0
TGM7 	 0
TGOLN2 	 0
TGS1 	 158
TH 	 0
TH1L 	 0
THADA 	 57
THAP1 	 8
THAP10 	 0
THAP11 	 0
THAP2 	 0
THAP3 	 0
THAP4 	 0
THAP5 	 162
THAP6 	 0
THAP7 	 0
THAP7-AS1 	 0
THAP8 	 0
THAP9 	 0
THBD 	 0
THBS1 	 0
THBS2 	 0
THBS3 	 0
THBS4 	 0
THEG 	 0
THEG5 	 0
THEGL 	 0
THEM4 	 0
THEM5 	 0
THEMIS 	 0
THG1L 	 0
THNSL1 	 0
THNSL2 	 0
THOC1 	 0
THOC2 	 0
THOC3 	 0
THOC5 	 0
THOC6 	 0
THOC7 	 0
THOP1 	 0
THPO 	 0
THRA 	 0
THRAP3 	 283
THRB 	 0
THRSP 	 0
THSD1 	 0
THSD1P1 	 0
THSD4 	 0
THSD7A 	 138
THSD7B 	 0
THTPA 	 0
THUMPD1 	 0
THUMPD2 	 0
THUMPD3 	 0
THY1 	 0
THYN1 	 0
TIA1 	 176
TIAF1 	 0
TIAL1 	 128
TIAM1 	 0
TIAM2 	 0
TICAM1 	 0
TICAM2 	 0
TIE1 	 0
TIFA 	 0
TIFAB 	 0
TIGD1 	 0
TIGD2 	 0
TIGD3 	 0
TIGD4 	 0
TIGD5 	 0
TIGD6 	 0
TIGD7 	 1
TIGIT 	 0
TIMD4 	 0
TIMELESS 	 0
TIMM10 	 14
TIMM13 	 24
TIMM17A 	 4
TIMM17B 	 1
TIMM21 	 0
TIMM22 	 0
TIMM23 	 0
TIMM44 	 0
TIMM50 	 0
TIMM8A 	 0
TIMM8B 	 0
TIMM9 	 0
TIMMDC1 	 0
TIMP1 	 0
TIMP2 	 120
TIMP3 	 0
TIMP4 	 0
TINAG 	 0
TINAGL1 	 0
TINF2 	 0
TIPARP 	 0
TIPARP-AS1 	 0
TIPIN 	 0
TIPRL 	 0
TIRAP 	 0
TJAP1 	 0
TJP1 	 0
TJP2 	 0
TJP3 	 0
TK1 	 0
TK2 	 0
TKT 	 29
TKTL1 	 0
TKTL2 	 0
TLCD1 	 0
TLCD2 	 0
TLE1 	 0
TLE2 	 0
TLE3 	 0
TLE4 	 0
TLE6 	 0
TLK1 	 0
TLK2 	 0
TLL1 	 0
TLL2 	 0
TLN1 	 0
TLN2 	 0
TLR1 	 0
TLR10 	 0
TLR2 	 0
TLR3 	 0
TLR4 	 0
TLR5 	 0
TLR6 	 0
TLR7 	 0
TLR8 	 0
TLR8-AS1 	 0
TLR9 	 0
TLX1 	 0
TLX1NB 	 0
TLX2 	 0
TLX3 	 0
TM2D1 	 0
TM2D2 	 0
TM2D3 	 0
TM4SF1 	 0
TM4SF18 	 0
TM4SF19 	 0
TM4SF19-TCTEX1D2 	 0
TM4SF20 	 0
TM4SF4 	 0
TM4SF5 	 0
TM6SF1 	 0
TM6SF2 	 0
TM7SF2 	 0
TM7SF3 	 0
TM7SF4 	 0
TM9SF1 	 58
TM9SF2 	 0
TM9SF3 	 0
TM9SF4 	 0
TMBIM1 	 0
TMBIM4 	 0
TMBIM6 	 0
TMC1 	 0
TMC2 	 0
TMC3 	 0
TMC4 	 0
TMC5 	 0
TMC6 	 0
TMC7 	 0
TMC8 	 0
TMCC1 	 0
TMCC2 	 0
TMCC3 	 0
TMCO1 	 0
TMCO2 	 0
TMCO3 	 0
TMCO4 	 0
TMCO5A 	 0
TMCO5B 	 0
TMCO6 	 0
TMCO7 	 0
TMED1 	 0
TMED10 	 0
TMED10P1 	 0
TMED11P 	 0
TMED2 	 17
TMED3 	 0
TMED4 	 16
TMED5 	 0
TMED6 	 177
TMED7 	 0
TMED7-TICAM2 	 0
TMED8 	 0
TMED9 	 0
TMEFF1 	 0
TMEFF2 	 0
TMEM100 	 0
TMEM101 	 0
TMEM102 	 0
TMEM104 	 0
TMEM105 	 0
TMEM106A 	 0
TMEM106B 	 0
TMEM106C 	 0
TMEM107 	 0
TMEM108 	 6
TMEM109 	 0
TMEM11 	 0
TMEM110 	 0
TMEM111 	 0
TMEM114 	 0
TMEM115 	 1
TMEM116 	 0
TMEM117 	 0
TMEM119 	 0
TMEM120A 	 0
TMEM120B 	 0
TMEM121 	 0
TMEM123 	 7
TMEM125 	 0
TMEM126A 	 0
TMEM126B 	 25
TMEM127 	 0
TMEM128 	 0
TMEM129 	 0
TMEM130 	 0
TMEM131 	 0
TMEM132A 	 38
TMEM132B 	 0
TMEM132C 	 0
TMEM132D 	 0
TMEM132E 	 0
TMEM133 	 0
TMEM134 	 0
TMEM135 	 0
TMEM136 	 0
TMEM138 	 0
TMEM139 	 0
TMEM140 	 0
TMEM141 	 0
TMEM143 	 0
TMEM144 	 0
TMEM145 	 0
TMEM147 	 0
TMEM14A 	 0
TMEM14B 	 0
TMEM14C 	 0
TMEM14E 	 0
TMEM150A 	 0
TMEM150B 	 0
TMEM150C 	 0
TMEM151A 	 0
TMEM151B 	 0
TMEM154 	 0
TMEM155 	 0
TMEM156 	 0
TMEM158 	 0
TMEM159 	 0
TMEM160 	 0
TMEM161A 	 0
TMEM161B 	 58
TMEM163 	 0
TMEM164 	 0
TMEM165 	 0
TMEM167A 	 0
TMEM167B 	 0
TMEM168 	 0
TMEM169 	 0
TMEM17 	 0
TMEM170A 	 0
TMEM170B 	 0
TMEM171 	 0
TMEM173 	 0
TMEM174 	 0
TMEM175 	 0
TMEM176A 	 0
TMEM176B 	 0
TMEM177 	 0
TMEM178 	 0
TMEM179 	 0
TMEM179B 	 0
TMEM18 	 0
TMEM180 	 0
TMEM181 	 0
TMEM182 	 0
TMEM183A 	 0
TMEM184A 	 0
TMEM184B 	 0
TMEM184C 	 0
TMEM185A 	 0
TMEM185B 	 0
TMEM186 	 0
TMEM187 	 0
TMEM189 	 0
TMEM19 	 0
TMEM190 	 0
TMEM191A 	 0
TMEM191B 	 0
TMEM191C 	 0
TMEM192 	 0
TMEM194A 	 0
TMEM194B 	 0
TMEM196 	 0
TMEM198 	 0
TMEM198B 	 0
TMEM199 	 0
TMEM2 	 0
TMEM200A 	 0
TMEM200B 	 0
TMEM200C 	 0
TMEM201 	 0
TMEM202 	 0
TMEM203 	 0
TMEM204 	 0
TMEM205 	 0
TMEM206 	 0
TMEM207 	 0
TMEM208 	 0
TMEM209 	 0
TMEM211 	 0
TMEM212 	 0
TMEM213 	 0
TMEM214 	 0
TMEM215 	 0
TMEM216 	 0
TMEM217 	 0
TMEM218 	 0
TMEM219 	 0
TMEM22 	 0
TMEM220 	 0
TMEM221 	 0
TMEM222 	 0
TMEM223 	 0
TMEM225 	 0
TMEM229A 	 0
TMEM229B 	 0
TMEM231 	 0
TMEM232 	 0
TMEM233 	 0
TMEM234 	 0
TMEM235 	 0
TMEM236 	 0
TMEM237 	 0
TMEM238 	 0
TMEM239 	 0
TMEM240 	 0
TMEM241 	 0
TMEM242 	 0
TMEM244 	 0
TMEM25 	 0
TMEM26 	 0
TMEM27 	 0
TMEM30A 	 0
TMEM30B 	 0
TMEM30C 	 0
TMEM31 	 0
TMEM33 	 820
TMEM35 	 0
TMEM37 	 0
TMEM38A 	 0
TMEM38B 	 0
TMEM39A 	 0
TMEM39B 	 0
TMEM40 	 0
TMEM41A 	 0
TMEM41B 	 0
TMEM42 	 0
TMEM43 	 6
TMEM44 	 0
TMEM45A 	 0
TMEM45B 	 0
TMEM47 	 0
TMEM48 	 0
TMEM5 	 0
TMEM50A 	 0
TMEM50B 	 0
TMEM51 	 0
TMEM52 	 0
TMEM53 	 0
TMEM54 	 0
TMEM55A 	 23
TMEM55B 	 0
TMEM56 	 0
TMEM56-RWDD3 	 0
TMEM57 	 231
TMEM59 	 0
TMEM59L 	 0
TMEM60 	 0
TMEM61 	 0
TMEM62 	 0
TMEM63A 	 0
TMEM63B 	 0
TMEM63C 	 0
TMEM64 	 0
TMEM65 	 0
TMEM66 	 359
TMEM67 	 0
TMEM68 	 0
TMEM69 	 0
TMEM70 	 0
TMEM71 	 0
TMEM72 	 0
TMEM72-AS1 	 0
TMEM74 	 0
TMEM74B 	 10
TMEM79 	 0
TMEM80 	 0
TMEM81 	 0
TMEM82 	 0
TMEM85 	 0
TMEM86A 	 0
TMEM86B 	 0
TMEM87A 	 0
TMEM87B 	 0
TMEM88 	 0
TMEM88B 	 0
TMEM89 	 0
TMEM8A 	 0
TMEM8B 	 0
TMEM8C 	 0
TMEM9 	 0
TMEM91 	 0
TMEM92 	 0
TMEM93 	 0
TMEM95 	 0
TMEM97 	 68
TMEM98 	 0
TMEM99 	 0
TMEM9B 	 7
TMF1 	 0
TMIE 	 0
TMIGD1 	 0
TMIGD2 	 0
TMLHE 	 0
TMOD1 	 0
TMOD2 	 0
TMOD3 	 0
TMOD4 	 0
TMPO 	 6
TMPPE 	 0
TMPRSS11A 	 0
TMPRSS11B 	 0
TMPRSS11BNL 	 0
TMPRSS11D 	 21
TMPRSS11E 	 0
TMPRSS11F 	 0
TMPRSS11GP 	 0
TMPRSS12 	 0
TMPRSS13 	 0
TMPRSS15 	 0
TMPRSS2 	 0
TMPRSS3 	 0
TMPRSS4 	 0
TMPRSS5 	 0
TMPRSS6 	 0
TMPRSS7 	 0
TMPRSS9 	 0
TMSB10 	 139
TMSB15A 	 309
TMSB15B 	 2
TMSB4X 	 222
TMSB4Y 	 0
TMTC1 	 0
TMTC2 	 0
TMTC3 	 0
TMTC4 	 0
TMUB1 	 0
TMUB2 	 0
TMX1 	 0
TMX2 	 1
TMX2-CTNND1 	 0
TMX3 	 0
TMX4 	 0
TNC 	 0
TNF 	 0
TNFAIP1 	 0
TNFAIP2 	 0
TNFAIP3 	 0
TNFAIP6 	 0
TNFAIP8 	 0
TNFAIP8L1 	 0
TNFAIP8L2 	 0
TNFAIP8L2-SCNM1 	 0
TNFAIP8L3 	 0
TNFRSF10A 	 0
TNFRSF10B 	 0
TNFRSF10C 	 0
TNFRSF10D 	 0
TNFRSF11A 	 0
TNFRSF11B 	 0
TNFRSF12A 	 0
TNFRSF13B 	 0
TNFRSF13C 	 0
TNFRSF14 	 0
TNFRSF17 	 0
TNFRSF18 	 0
TNFRSF19 	 0
TNFRSF1A 	 0
TNFRSF1B 	 0
TNFRSF21 	 0
TNFRSF25 	 0
TNFRSF4 	 0
TNFRSF6B 	 0
TNFRSF8 	 0
TNFRSF9 	 0
TNFSF10 	 0
TNFSF11 	 0
TNFSF12 	 0
TNFSF13 	 0
TNFSF13B 	 0
TNFSF14 	 0
TNFSF15 	 0
TNFSF18 	 0
TNFSF4 	 0
TNFSF8 	 0
TNFSF9 	 0
TNIK 	 0
TNIP1 	 0
TNIP2 	 0
TNIP3 	 0
TNK1 	 0
TNK2 	 0
TNKS 	 0
TNKS1BP1 	 1
TNKS2 	 0
TNMD 	 0
TNN 	 0
TNNC1 	 0
TNNC2 	 0
TNNI1 	 0
TNNI2 	 0
TNNI3 	 0
TNNI3K 	 0
TNNT1 	 0
TNNT2 	 0
TNNT3 	 0
TNP1 	 0
TNPO1 	 0
TNPO2 	 0
TNPO3 	 0
TNR 	 0
TNRC18 	 1
TNRC6A 	 10
TNRC6B 	 1
TNRC6C 	 2
TNS1 	 0
TNS3 	 0
TNS4 	 0
TNXB 	 0
TOB1 	 0
TOB2 	 26
TOB2P1 	 0
TOE1 	 0
TOLLIP 	 0
TOM1 	 0
TOM1L1 	 0
TOM1L2 	 0
TOMM20 	 3
TOMM20L 	 0
TOMM22 	 0
TOMM34 	 0
TOMM40 	 0
TOMM40L 	 0
TOMM5 	 0
TOMM6 	 0
TOMM7 	 0
TOMM70A 	 0
TONSL 	 0
TOP1 	 0
TOP1MT 	 0
TOP1P1 	 0
TOP1P2 	 0
TOP2A 	 0
TOP2B 	 97
TOP3A 	 0
TOP3B 	 0
TOPBP1 	 0
TOPORS 	 10
TOR1A 	 0
TOR1AIP1 	 0
TOR1AIP2 	 52
TOR1B 	 128
TOR2A 	 0
TOR3A 	 0
TOX 	 0
TOX2 	 0
TOX3 	 0
TOX4 	 0
TP53 	 0
TP53AIP1 	 0
TP53BP1 	 63
TP53BP2 	 0
TP53I11 	 0
TP53I13 	 0
TP53I3 	 0
TP53INP1 	 0
TP53INP2 	 0
TP53RK 	 0
TP53TG1 	 0
TP53TG5 	 0
TP63 	 0
TP73 	 0
TP73-AS1 	 0
TPBG 	 0
TPCN1 	 0
TPCN2 	 0
TPD52 	 0
TPD52L1 	 0
TPD52L2 	 0
TPD52L3 	 0
TPGS1 	 0
TPGS2 	 0
TPH1 	 0
TPH2 	 0
TPI1 	 12
TPI1P2 	 0
TPI1P3 	 0
TPK1 	 0
TPM1 	 0
TPM2 	 0
TPM3 	 211
TPM4 	 164
TPMT 	 0
TPO 	 0
TPP1 	 0
TPP2 	 0
TPPP 	 0
TPPP2 	 0
TPPP3 	 0
TPR 	 0
TPRA1 	 0
TPRG1 	 0
TPRG1L 	 0
TPRKB 	 0
TPRN 	 0
TPRX1 	 0
TPRXL 	 0
TPSAB1 	 0
TPSB2 	 0
TPSD1 	 0
TPSG1 	 0
TPST1 	 0
TPST2 	 0
TPT1 	 2
TPT1-AS1 	 0
TPTE 	 0
TPTE2 	 0
TPTE2P1 	 0
TPTE2P3 	 0
TPTE2P6 	 0
TPTEP1 	 0
TPX2 	 0
TRA2A 	 127
TRA2B 	 0
TRABD 	 0
TRADD 	 0
TRAF1 	 0
TRAF2 	 0
TRAF3 	 0
TRAF3IP1 	 0
TRAF3IP2 	 0
TRAF3IP2-AS1 	 0
TRAF3IP3 	 0
TRAF4 	 0
TRAF5 	 0
TRAF6 	 0
TRAF7 	 45
TRAFD1 	 0
TRAIP 	 0
TRAK1 	 0
TRAK2 	 0
TRAM1 	 0
TRAM1L1 	 6
TRAM2 	 0
TRANK1 	 0
TRAP1 	 0
TRAPPC1 	 0
TRAPPC10 	 0
TRAPPC11 	 0
TRAPPC12 	 0
TRAPPC2 	 0
TRAPPC2L 	 0
TRAPPC2P1 	 0
TRAPPC3 	 0
TRAPPC4 	 0
TRAPPC5 	 0
TRAPPC6A 	 0
TRAPPC6B 	 0
TRAPPC8 	 0
TRAPPC9 	 0
TRAT1 	 0
TRDMT1 	 0
TRDN 	 0
TREH 	 0
TREM1 	 0
TREM2 	 0
TREML1 	 0
TREML2 	 0
TREML3 	 0
TREML4 	 0
TRERF1 	 0
TREX1 	 0
TREX2 	 0
TRH 	 0
TRHDE 	 0
TRHR 	 0
TRIAP1 	 0
TRIB1 	 0
TRIB2 	 0
TRIB3 	 0
TRIL 	 0
TRIM10 	 0
TRIM11 	 0
TRIM13 	 0
TRIM14 	 0
TRIM15 	 0
TRIM16 	 0
TRIM16L 	 0
TRIM17 	 0
TRIM2 	 591
TRIM21 	 0
TRIM22 	 0
TRIM23 	 5
TRIM24 	 89
TRIM25 	 0
TRIM26 	 0
TRIM27 	 0
TRIM28 	 0
TRIM29 	 0
TRIM3 	 0
TRIM31 	 0
TRIM32 	 0
TRIM33 	 0
TRIM34 	 0
TRIM35 	 0
TRIM36 	 0
TRIM37 	 45
TRIM38 	 0
TRIM39 	 0
TRIM39-RPP21 	 0
TRIM4 	 0
TRIM41 	 0
TRIM42 	 0
TRIM43 	 0
TRIM43B 	 0
TRIM44 	 0
TRIM45 	 0
TRIM46 	 0
TRIM47 	 0
TRIM48 	 0
TRIM49 	 0
TRIM49L2 	 0
TRIM5 	 0
TRIM50 	 0
TRIM52 	 1
TRIM53P 	 0
TRIM54 	 0
TRIM55 	 0
TRIM56 	 0
TRIM58 	 0
TRIM59 	 0
TRIM6 	 0
TRIM60 	 0
TRIM61 	 0
TRIM62 	 0
TRIM63 	 0
TRIM64 	 0
TRIM64B 	 0
TRIM64C 	 0
TRIM65 	 0
TRIM66 	 0
TRIM67 	 0
TRIM68 	 0
TRIM69 	 0
TRIM7 	 0
TRIM71 	 0
TRIM72 	 0
TRIM77P 	 0
TRIM78P 	 0
TRIM8 	 0
TRIM9 	 0
TRIML1 	 0
TRIML2 	 0
TRIO 	 351
TRIOBP 	 0
TRIP10 	 0
TRIP11 	 18
TRIP12 	 0
TRIP13 	 0
TRIP4 	 0
TRIP6 	 0
TRIT1 	 0
TRMT1 	 0
TRMT11 	 0
TRMT112 	 0
TRMT12 	 0
TRMT1L 	 0
TRMT2A 	 0
TRMT2B 	 0
TRMT5 	 0
TRMT6 	 0
TRMT61A 	 0
TRMT61B 	 0
TRMU 	 0
TRNAU1AP 	 1
TRNP1 	 0
TRNT1 	 0
TRO 	 0
TROAP 	 0
TROVE2 	 0
TRPA1 	 0
TRPC1 	 0
TRPC2 	 0
TRPC3 	 0
TRPC4 	 0
TRPC4AP 	 0
TRPC5 	 0
TRPC6 	 0
TRPC7 	 0
TRPM1 	 0
TRPM2 	 0
TRPM3 	 0
TRPM4 	 0
TRPM5 	 0
TRPM6 	 0
TRPM7 	 24
TRPM8 	 0
TRPS1 	 0
TRPT1 	 0
TRPV1 	 0
TRPV2 	 0
TRPV3 	 0
TRPV4 	 0
TRPV5 	 0
TRPV6 	 0
TRRAP 	 1
TRUB1 	 0
TRUB2 	 0
TRY6 	 0
TSC1 	 0
TSC2 	 0
TSC22D1 	 9
TSC22D1-AS1 	 0
TSC22D2 	 0
TSC22D3 	 0
TSC22D4 	 0
TSEN15 	 0
TSEN2 	 0
TSEN34 	 0
TSEN54 	 0
TSFM 	 0
TSG1 	 0
TSG101 	 0
TSGA10 	 0
TSGA10IP 	 0
TSGA13 	 0
TSHB 	 0
TSHR 	 0
TSHZ1 	 0
TSHZ2 	 0
TSHZ3 	 0
TSIX 	 0
TSKS 	 0
TSKU 	 0
TSLP 	 0
TSN 	 46
TSNARE1 	 0
TSNAX 	 0
TSNAX-DISC1 	 0
TSNAXIP1 	 0
TSPAN1 	 0
TSPAN10 	 0
TSPAN11 	 0
TSPAN12 	 0
TSPAN13 	 0
TSPAN14 	 6
TSPAN15 	 0
TSPAN16 	 0
TSPAN17 	 0
TSPAN18 	 0
TSPAN19 	 0
TSPAN2 	 0
TSPAN3 	 0
TSPAN31 	 0
TSPAN32 	 0
TSPAN33 	 0
TSPAN4 	 0
TSPAN5 	 0
TSPAN6 	 0
TSPAN7 	 69
TSPAN8 	 0
TSPAN9 	 0
TSPEAR 	 0
TSPO 	 0
TSPO2 	 0
TSPY2 	 0
TSPY26P 	 0
TSPYL1 	 74
TSPYL2 	 0
TSPYL4 	 20
TSPYL5 	 0
TSPYL6 	 0
TSR1 	 0
TSR2 	 0
TSSC1 	 0
TSSC4 	 0
TSSK1B 	 0
TSSK3 	 0
TSSK4 	 0
TSSK6 	 0
TST 	 0
TSTA3 	 0
TSTD1 	 0
TSTD2 	 0
TTBK1 	 123
TTBK2 	 19
TTC1 	 274
TTC12 	 0
TTC13 	 0
TTC14 	 0
TTC16 	 0
TTC17 	 99
TTC18 	 0
TTC19 	 0
TTC21A 	 0
TTC21B 	 0
TTC22 	 0
TTC23 	 0
TTC23L 	 0
TTC24 	 0
TTC25 	 0
TTC26 	 0
TTC27 	 0
TTC28 	 233
TTC28-AS1 	 1
TTC29 	 0
TTC3 	 351
TTC30A 	 0
TTC30B 	 0
TTC31 	 0
TTC32 	 0
TTC33 	 0
TTC34 	 0
TTC35 	 0
TTC36 	 0
TTC37 	 3
TTC38 	 0
TTC39A 	 0
TTC39B 	 0
TTC39C 	 0
TTC3P1 	 1
TTC4 	 0
TTC40 	 0
TTC5 	 0
TTC7A 	 0
TTC7B 	 0
TTC8 	 0
TTC9 	 0
TTC9B 	 0
TTC9C 	 0
TTF1 	 0
TTF2 	 0
TTI1 	 0
TTI2 	 0
TTK 	 0
TTL 	 0
TTLL1 	 0
TTLL10 	 0
TTLL11 	 0
TTLL12 	 0
TTLL13 	 0
TTLL2 	 0
TTLL3 	 0
TTLL4 	 0
TTLL5 	 376
TTLL6 	 0
TTLL7 	 0
TTLL9 	 0
TTN 	 0
TTPA 	 0
TTPAL 	 0
TTR 	 0
TTTY10 	 0
TTTY11 	 0
TTTY13 	 0
TTTY14 	 0
TTTY15 	 0
TTTY16 	 0
TTTY19 	 0
TTTY20 	 0
TTTY5 	 0
TTYH1 	 0
TTYH2 	 0
TTYH3 	 8
TUB 	 0
TUBA1A 	 4351
TUBA1B 	 72
TUBA1C 	 46
TUBA3C 	 0
TUBA3D 	 0
TUBA3E 	 0
TUBA4A 	 0
TUBA4B 	 0
TUBA8 	 0
TUBAL3 	 0
TUBB 	 0
TUBB1 	 0
TUBB2A 	 2
TUBB2B 	 128
TUBB3 	 45
TUBB4A 	 0
TUBB4B 	 109
TUBB6 	 0
TUBB8 	 0
TUBBP5 	 0
TUBD1 	 0
TUBE1 	 0
TUBG1 	 0
TUBG2 	 0
TUBGCP2 	 0
TUBGCP3 	 0
TUBGCP4 	 0
TUBGCP5 	 0
TUBGCP6 	 0
TUFM 	 0
TUFT1 	 0
TUG1 	 0
TULP1 	 0
TULP2 	 0
TULP3 	 0
TULP4 	 182
TUSC1 	 0
TUSC2 	 0
TUSC3 	 0
TUSC5 	 0
TUT1 	 0
TWF1 	 156
TWF2 	 0
TWIST1 	 0
TWIST2 	 0
TWISTNB 	 0
TWSG1 	 6
TXK 	 0
TXLNA 	 0
TXLNB 	 0
TXLNG 	 0
TXLNG2P 	 0
TXN 	 114
TXN2 	 309
TXNDC11 	 0
TXNDC12 	 0
TXNDC15 	 18
TXNDC16 	 0
TXNDC17 	 0
TXNDC2 	 0
TXNDC3 	 0
TXNDC5 	 0
TXNDC8 	 0
TXNDC9 	 0
TXNIP 	 0
TXNL1 	 41
TXNL4A 	 0
TXNL4B 	 0
TXNRD1 	 0
TXNRD2 	 0
TXNRD3 	 0
TYK2 	 0
TYMP 	 0
TYMS 	 0
TYR 	 0
TYRO3 	 0
TYRO3P 	 0
TYROBP 	 0
TYRP1 	 0
TYSND1 	 0
TYW1 	 0
TYW1B 	 0
TYW3 	 0
TYW5 	 0
U2AF1 	 1
U2AF1L4 	 0
U2AF2 	 0
U2SURP 	 9
UACA 	 0
UAP1 	 0
UAP1L1 	 0
UBA1 	 0
UBA2 	 0
UBA3 	 1
UBA5 	 0
UBA52 	 4
UBA6 	 442
UBA7 	 0
UBAC1 	 38
UBAC2 	 0
UBAC2-AS1 	 0
UBAP1 	 0
UBAP1L 	 0
UBAP2 	 46
UBAP2L 	 0
UBASH3A 	 0
UBASH3B 	 0
UBB 	 1
UBC 	 845
UBD 	 0
UBE2A 	 0
UBE2B 	 0
UBE2C 	 0
UBE2D1 	 0
UBE2D2 	 0
UBE2D3 	 5
UBE2D4 	 0
UBE2E1 	 0
UBE2E2 	 0
UBE2E3 	 0
UBE2F 	 65
UBE2F-SCLY 	 0
UBE2G1 	 0
UBE2G2 	 0
UBE2H 	 0
UBE2I 	 0
UBE2J1 	 0
UBE2J2 	 0
UBE2K 	 0
UBE2L3 	 0
UBE2L6 	 8
UBE2M 	 0
UBE2MP1 	 0
UBE2N 	 102
UBE2NL 	 0
UBE2O 	 0
UBE2Q1 	 0
UBE2Q2 	 0
UBE2Q2P1 	 1
UBE2Q2P2 	 0
UBE2Q2P3 	 0
UBE2QL1 	 0
UBE2R2 	 1
UBE2S 	 0
UBE2T 	 0
UBE2U 	 0
UBE2V1 	 0
UBE2V2 	 175
UBE2W 	 0
UBE2Z 	 0
UBE3A 	 0
UBE3B 	 0
UBE3C 	 0
UBE3D 	 0
UBE4A 	 0
UBE4B 	 0
UBFD1 	 151
UBIAD1 	 0
UBL3 	 0
UBL4A 	 0
UBL4B 	 0
UBL5 	 0
UBL7 	 0
UBLCP1 	 1
UBN1 	 0
UBN2 	 0
UBOX5 	 0
UBP1 	 104
UBQLN1 	 61
UBQLN2 	 0
UBQLN4 	 55
UBQLNL 	 0
UBR1 	 0
UBR2 	 0
UBR3 	 15
UBR4 	 7
UBR5 	 0
UBR7 	 0
UBTD1 	 0
UBTD2 	 28
UBTF 	 0
UBTFL1 	 0
UBXN1 	 0
UBXN10 	 0
UBXN11 	 0
UBXN2A 	 0
UBXN2B 	 0
UBXN4 	 253
UBXN6 	 0
UBXN7 	 0
UBXN8 	 0
UCA1 	 0
UCHL1 	 38
UCHL3 	 0
UCHL5 	 0
UCK1 	 0
UCK2 	 0
UCKL1 	 0
UCKL1-AS1 	 0
UCMA 	 0
UCN 	 0
UCN2 	 0
UCN3 	 0
UCP1 	 0
UCP2 	 0
UCP3 	 0
UEVLD 	 0
UFC1 	 0
UFD1L 	 0
UFL1 	 0
UFM1 	 0
UFSP1 	 0
UFSP2 	 0
UG0898H09 	 3
UGCG 	 0
UGDH 	 0
UGGT1 	 56
UGGT2 	 0
UGP2 	 0
UGT1A1 	 0
UGT1A3 	 0
UGT1A4 	 0
UGT1A5 	 0
UGT1A6 	 0
UGT1A7 	 0
UGT1A8 	 0
UGT1A9 	 0
UGT2A1 	 0
UGT2A3 	 0
UGT2B10 	 0
UGT2B11 	 0
UGT2B15 	 0
UGT2B17 	 0
UGT2B28 	 0
UGT2B4 	 0
UGT2B7 	 0
UGT3A1 	 0
UGT3A2 	 0
UGT8 	 0
UHMK1 	 294
UHRF1 	 0
UHRF1BP1 	 0
UHRF1BP1L 	 0
UHRF2 	 948
UIMC1 	 0
ULBP1 	 0
ULBP2 	 0
ULBP3 	 0
ULK1 	 0
ULK2 	 0
ULK3 	 1
ULK4 	 0
ULK4P3 	 0
UMOD 	 0
UMODL1 	 0
UMPS 	 0
UNC119 	 0
UNC119B 	 0
UNC13A 	 0
UNC13B 	 0
UNC13C 	 0
UNC13D 	 0
UNC45A 	 0
UNC45B 	 0
UNC50 	 0
UNC5A 	 0
UNC5B 	 0
UNC5C 	 0
UNC5CL 	 0
UNC5D 	 0
UNC79 	 0
UNC80 	 0
UNC93A 	 0
UNC93B1 	 0
UNG 	 0
UNK 	 0
UNKL 	 0
UNQ6494 	 0
UNQ6975 	 0
UOX 	 0
UPB1 	 246
UPF1 	 0
UPF2 	 53
UPF3A 	 120
UPF3B 	 0
UPK1A 	 0
UPK1B 	 0
UPK2 	 0
UPK3A 	 0
UPK3B 	 0
UPK3BL 	 0
UPP1 	 0
UPP2 	 0
UPRT 	 0
UQCC 	 47
UQCR10 	 47
UQCR11 	 66
UQCRB 	 0
UQCRBP1 	 0
UQCRC1 	 0
UQCRC2 	 1
UQCRFS1 	 0
UQCRH 	 0
UQCRHL 	 0
UQCRQ 	 0
URB1 	 0
URB2 	 0
URGCP 	 165
URGCP-MRPS24 	 0
URI1 	 0
URM1 	 2
UROC1 	 0
UROD 	 0
UROS 	 0
USE1 	 12
USF1 	 0
USF2 	 1
USH1C 	 0
USH1G 	 0
USH2A 	 0
USHBP1 	 0
USMG5 	 131
USO1 	 0
USP1 	 0
USP10 	 0
USP11 	 396
USP12 	 0
USP13 	 0
USP14 	 0
USP15 	 0
USP16 	 0
USP17 	 0
USP17L2 	 0
USP17L6P 	 0
USP18 	 0
USP19 	 0
USP2 	 0
USP20 	 0
USP21 	 0
USP22 	 228
USP24 	 87
USP25 	 0
USP26 	 0
USP27X 	 0
USP28 	 0
USP29 	 0
USP3 	 5
USP30 	 0
USP31 	 0
USP32 	 0
USP32P1 	 0
USP32P2 	 0
USP33 	 0
USP34 	 0
USP35 	 0
USP36 	 0
USP37 	 3
USP38 	 0
USP39 	 0
USP4 	 0
USP40 	 0
USP42 	 0
USP43 	 0
USP44 	 0
USP45 	 0
USP46 	 0
USP47 	 0
USP48 	 10
USP49 	 0
USP5 	 0
USP50 	 0
USP51 	 0
USP53 	 0
USP54 	 0
USP6 	 0
USP6NL 	 0
USP7 	 2
USP8 	 0
USP9X 	 0
USP9Y 	 0
USPL1 	 123
UST 	 0
UTP11L 	 0
UTP14A 	 0
UTP14C 	 8
UTP15 	 0
UTP18 	 0
UTP20 	 6
UTP23 	 0
UTP3 	 0
UTP6 	 0
UTRN 	 0
UTS2 	 0
UTS2D 	 0
UTS2R 	 0
UTY 	 0
UVRAG 	 0
UXS1 	 0
UXT 	 0
VAC14 	 0
VAMP1 	 0
VAMP2 	 6
VAMP3 	 0
VAMP4 	 0
VAMP5 	 0
VAMP7 	 0
VAMP8 	 0
VANGL1 	 0
VANGL2 	 0
VAPA 	 5
VAPB 	 0
VARS2 	 0
VASH1 	 0
VASH2 	 0
VASN 	 0
VASP 	 0
VAT1 	 0
VAT1L 	 0
VAV1 	 0
VAV2 	 0
VAV3 	 0
VAX1 	 0
VAX2 	 0
VBP1 	 0
VCAM1 	 0
VCAN 	 963
VCL 	 430
VCP 	 2
VCPIP1 	 0
VCX 	 0
VCX2 	 0
VCX3A 	 0
VCX3B 	 0
VDAC1 	 25
VDAC2 	 249
VDAC3 	 137
VDR 	 0
VEGFA 	 0
VEGFB 	 0
VEGFC 	 0
VENTX 	 0
VENTXP1 	 0
VENTXP7 	 0
VEPH1 	 0
VEZF1 	 0
VEZT 	 420
VGF 	 0
VGLL1 	 0
VGLL2 	 0
VGLL3 	 0
VGLL4 	 0
VHL 	 4
VHLL 	 0
VIL1 	 0
VILL 	 0
VIM 	 0
VIP 	 0
VIPR1 	 0
VIPR2 	 0
VIT 	 0
VKORC1 	 0
VKORC1L1 	 0
VLDLR 	 0
VMA21 	 1
VMAC 	 0
VMO1 	 0
VMP1 	 0
VN1R1 	 0
VN1R10P 	 0
VN1R2 	 0
VN1R4 	 0
VN1R5 	 0
VNN1 	 0
VNN2 	 0
VNN3 	 0
VOPP1 	 0
VPRBP 	 0
VPREB1 	 0
VPREB3 	 0
VPS11 	 0
VPS13A 	 0
VPS13B 	 0
VPS13C 	 1
VPS13D 	 1
VPS16 	 0
VPS18 	 0
VPS25 	 0
VPS26A 	 0
VPS26B 	 0
VPS28 	 0
VPS29 	 0
VPS33A 	 0
VPS33B 	 0
VPS35 	 0
VPS36 	 7
VPS37A 	 0
VPS37B 	 83
VPS37C 	 0
VPS37D 	 0
VPS39 	 0
VPS41 	 0
VPS45 	 0
VPS4A 	 0
VPS4B 	 89
VPS52 	 0
VPS53 	 0
VPS54 	 87
VPS72 	 0
VPS8 	 0
VRK1 	 0
VRK2 	 0
VRK3 	 0
VRTN 	 0
VSIG1 	 0
VSIG10 	 0
VSIG10L 	 0
VSIG2 	 0
VSIG4 	 0
VSIG8 	 0
VSNL1 	 0
VSTM1 	 0
VSTM2A 	 0
VSTM2B 	 0
VSTM2L 	 0
VSTM4 	 0
VSTM5 	 0
VSX1 	 0
VSX2 	 0
VTA1 	 0
VTCN1 	 0
VTI1A 	 0
VTI1B 	 0
VTN 	 0
VTRNA1-1 	 0
VTRNA1-2 	 0
VTRNA1-3 	 0
VTRNA2-1 	 0
VWA1 	 0
VWA2 	 0
VWA3A 	 0
VWA3B 	 0
VWA5A 	 0
VWA5B1 	 0
VWA5B2 	 0
VWA7 	 0
VWC2 	 0
VWC2L 	 0
VWCE 	 0
VWDE 	 0
VWF 	 0
WAC 	 0
WAPAL 	 3
WARS 	 0
WARS2 	 77
WAS 	 0
WASF1 	 0
WASF2 	 0
WASF3 	 0
WASH1 	 0
WASH2P 	 0
WASH3P 	 0
WASH5P 	 0
WASH7P 	 0
WASL 	 0
WBP1 	 0
WBP11 	 0
WBP11P1 	 0
WBP2 	 0
WBP2NL 	 0
WBP4 	 0
WBP5 	 0
WBSCR16 	 0
WBSCR17 	 0
WBSCR22 	 0
WBSCR27 	 0
WBSCR28 	 0
WDFY1 	 0
WDFY2 	 0
WDFY3 	 100
WDFY3-AS2 	 0
WDFY4 	 0
WDHD1 	 0
WDPCP 	 0
WDR1 	 39
WDR11 	 0
WDR12 	 0
WDR13 	 0
WDR16 	 0
WDR17 	 0
WDR18 	 0
WDR19 	 0
WDR20 	 0
WDR24 	 0
WDR25 	 0
WDR26 	 0
WDR27 	 0
WDR3 	 0
WDR31 	 0
WDR33 	 1
WDR34 	 0
WDR35 	 0
WDR36 	 0
WDR37 	 0
WDR38 	 0
WDR4 	 0
WDR41 	 0
WDR43 	 5
WDR44 	 0
WDR45 	 0
WDR45L 	 0
WDR46 	 0
WDR47 	 0
WDR48 	 31
WDR49 	 0
WDR5 	 0
WDR52 	 0
WDR53 	 0
WDR54 	 0
WDR55 	 0
WDR59 	 34
WDR5B 	 0
WDR6 	 0
WDR60 	 0
WDR61 	 0
WDR62 	 0
WDR63 	 0
WDR64 	 0
WDR65 	 0
WDR66 	 0
WDR67 	 0
WDR69 	 0
WDR7 	 1203
WDR70 	 0
WDR72 	 0
WDR73 	 0
WDR74 	 0
WDR75 	 0
WDR76 	 0
WDR77 	 0
WDR78 	 0
WDR81 	 0
WDR82 	 72
WDR83 	 0
WDR83OS 	 1
WDR85 	 0
WDR86 	 0
WDR87 	 0
WDR88 	 0
WDR89 	 0
WDR90 	 0
WDR91 	 0
WDR92 	 0
WDR93 	 0
WDR96 	 0
WDSUB1 	 0
WDTC1 	 0
WDYHV1 	 0
WEE1 	 0
WEE2 	 0
WFDC1 	 0
WFDC10A 	 0
WFDC10B 	 0
WFDC11 	 0
WFDC12 	 0
WFDC13 	 0
WFDC2 	 0
WFDC3 	 0
WFDC6 	 0
WFDC8 	 0
WFDC9 	 0
WFIKKN1 	 0
WFIKKN2 	 0
WFS1 	 0
WHAMM 	 0
WHAMMP2 	 0
WHAMMP3 	 0
WHSC1 	 0
WHSC1L1 	 0
WHSC2 	 0
WIBG 	 0
WIF1 	 0
WIPF1 	 0
WIPF2 	 17
WIPF3 	 0
WIPI1 	 0
WIPI2 	 0
WISP1 	 0
WISP2 	 0
WISP3 	 0
WIZ 	 0
WLS 	 0
WNK1 	 39
WNK2 	 0
WNK3 	 3
WNK4 	 0
WNT1 	 0
WNT10B 	 0
WNT11 	 0
WNT16 	 0
WNT2 	 0
WNT2B 	 0
WNT3 	 0
WNT3A 	 0
WNT4 	 0
WNT5A 	 0
WNT5B 	 0
WNT6 	 0
WNT7A 	 0
WNT7B 	 0
WNT8A 	 0
WNT8B 	 0
WNT9A 	 0
WNT9B 	 0
WRAP53 	 0
WRAP73 	 0
WRB 	 0
WRN 	 0
WRNIP1 	 0
WSB1 	 3
WSB2 	 10
WSCD1 	 0
WSCD2 	 0
WT1 	 0
WT1-AS 	 0
WTAP 	 15
WTH3DI 	 0
WTIP 	 0
WWC1 	 0
WWC2 	 0
WWC3 	 0
WWOX 	 0
WWP1 	 71
WWP2 	 0
WWTR1 	 0
WWTR1-AS1 	 0
XAB2 	 0
XAF1 	 0
XAGE2 	 0
XAGE3 	 0
XAGE5 	 0
XBP1 	 0
XCL1 	 0
XCL2 	 0
XCR1 	 0
XDH 	 0
XG 	 0
XIAP 	 5
XIRP1 	 0
XIRP2 	 0
XIST 	 0
XK 	 0
XKR3 	 0
XKR4 	 0
XKR5 	 0
XKR6 	 0
XKR7 	 0
XKR8 	 0
XKR9 	 0
XKRX 	 0
XPA 	 0
XPC 	 0
XPNPEP1 	 0
XPNPEP2 	 0
XPNPEP3 	 0
XPO1 	 0
XPO4 	 0
XPO5 	 0
XPO6 	 0
XPO7 	 0
XPOT 	 0
XPR1 	 20
XRCC1 	 0
XRCC2 	 0
XRCC3 	 0
XRCC4 	 0
XRCC5 	 397
XRCC6 	 0
XRCC6BP1 	 0
XRN1 	 1
XRN2 	 0
XRRA1 	 0
XXYLT1 	 0
XYLB 	 0
XYLT1 	 0
XYLT2 	 0
YAE1D1 	 0
YAF2 	 21
YAP1 	 0
YARS 	 0
YARS2 	 0
YBEY 	 0
YBX1 	 31
YBX2 	 0
YDJC 	 0
YEATS2 	 0
YEATS4 	 0
YES1 	 0
YIF1A 	 0
YIF1B 	 0
YIPF1 	 0
YIPF2 	 0
YIPF3 	 494
YIPF4 	 0
YIPF5 	 0
YIPF6 	 0
YIPF7 	 0
YJEFN3 	 0
YKT6 	 4
YLPM1 	 165
YME1L1 	 64
YOD1 	 0
YPEL1 	 6
YPEL2 	 0
YPEL3 	 0
YPEL4 	 0
YPEL5 	 0
YRDC 	 0
YSK4 	 0
YTHDC2 	 54
YTHDF1 	 0
YTHDF2 	 0
YTHDF3 	 0
YWHAB 	 301
YWHAE 	 284
YWHAG 	 273
YWHAH 	 1
YWHAQ 	 168
YWHAZ 	 976
YY1 	 0
YY1AP1 	 0
YY2 	 0
ZACN 	 0
ZADH2 	 0
ZAK 	 0
ZAN 	 0
ZAP70 	 0
ZAR1 	 0
ZAR1L 	 0
ZBBX 	 0
ZBED1 	 0
ZBED2 	 0
ZBED3 	 0
ZBED4 	 0
ZBED5 	 0
ZBED6 	 0
ZBP1 	 0
ZBTB1 	 0
ZBTB10 	 0
ZBTB11 	 0
ZBTB16 	 0
ZBTB17 	 0
ZBTB2 	 0
ZBTB20 	 0
ZBTB20-AS1 	 0
ZBTB22 	 0
ZBTB24 	 0
ZBTB25 	 0
ZBTB26 	 0
ZBTB3 	 0
ZBTB32 	 0
ZBTB33 	 1
ZBTB34 	 0
ZBTB37 	 0
ZBTB38 	 0
ZBTB39 	 0
ZBTB4 	 194
ZBTB40 	 0
ZBTB41 	 166
ZBTB42 	 0
ZBTB43 	 0
ZBTB44 	 0
ZBTB45 	 0
ZBTB46 	 0
ZBTB47 	 0
ZBTB48 	 0
ZBTB49 	 0
ZBTB5 	 0
ZBTB6 	 0
ZBTB7A 	 0
ZBTB7B 	 0
ZBTB7C 	 0
ZBTB8A 	 0
ZBTB8B 	 0
ZBTB8OS 	 0
ZBTB9 	 0
ZC2HC1A 	 53
ZC2HC1B 	 0
ZC2HC1C 	 0
ZC3H10 	 0
ZC3H11A 	 0
ZC3H12A 	 0
ZC3H12B 	 0
ZC3H12C 	 0
ZC3H12D 	 0
ZC3H13 	 306
ZC3H14 	 0
ZC3H15 	 96
ZC3H18 	 0
ZC3H3 	 0
ZC3H4 	 1
ZC3H6 	 0
ZC3H7A 	 0
ZC3H7B 	 0
ZC3H8 	 0
ZC3HAV1 	 0
ZC3HAV1L 	 0
ZC3HC1 	 0
ZC4H2 	 0
ZCCHC10 	 0
ZCCHC11 	 32
ZCCHC12 	 0
ZCCHC14 	 126
ZCCHC16 	 0
ZCCHC17 	 0
ZCCHC18 	 0
ZCCHC2 	 0
ZCCHC24 	 0
ZCCHC3 	 0
ZCCHC4 	 0
ZCCHC5 	 0
ZCCHC6 	 0
ZCCHC7 	 0
ZCCHC8 	 0
ZCCHC9 	 0
ZCRB1 	 0
ZCWPW1 	 0
ZCWPW2 	 0
ZDBF2 	 0
ZDHHC1 	 0
ZDHHC11 	 0
ZDHHC12 	 0
ZDHHC13 	 0
ZDHHC14 	 0
ZDHHC15 	 0
ZDHHC16 	 0
ZDHHC17 	 538
ZDHHC18 	 0
ZDHHC19 	 0
ZDHHC2 	 0
ZDHHC20 	 0
ZDHHC21 	 0
ZDHHC22 	 0
ZDHHC23 	 0
ZDHHC24 	 0
ZDHHC3 	 0
ZDHHC4 	 0
ZDHHC5 	 0
ZDHHC6 	 0
ZDHHC7 	 0
ZDHHC8 	 0
ZDHHC8P1 	 0
ZDHHC9 	 0
ZEB1 	 0
ZEB1-AS1 	 0
ZEB2 	 588
ZEB2-AS1 	 0
ZER1 	 0
ZFAND1 	 0
ZFAND2A 	 0
ZFAND2B 	 0
ZFAND3 	 0
ZFAND4 	 0
ZFAND5 	 0
ZFAND6 	 0
ZFAT 	 0
ZFAT-AS1 	 0
ZFC3H1 	 0
ZFHX2 	 0
ZFHX3 	 0
ZFHX4 	 0
ZFP1 	 0
ZFP106 	 0
ZFP112 	 0
ZFP14 	 0
ZFP161 	 0
ZFP2 	 0
ZFP28 	 0
ZFP3 	 0
ZFP30 	 0
ZFP36 	 0
ZFP36L1 	 0
ZFP36L2 	 0
ZFP37 	 14
ZFP41 	 0
ZFP42 	 0
ZFP57 	 0
ZFP62 	 0
ZFP64 	 0
ZFP82 	 0
ZFP90 	 0
ZFP91 	 0
ZFP91-CNTF 	 0
ZFP92 	 0
ZFPL1 	 0
ZFPM1 	 0
ZFPM2 	 0
ZFR 	 0
ZFR2 	 0
ZFX 	 268
ZFY 	 0
ZFYVE1 	 0
ZFYVE16 	 0
ZFYVE19 	 0
ZFYVE20 	 0
ZFYVE21 	 0
ZFYVE26 	 0
ZFYVE27 	 0
ZFYVE28 	 0
ZFYVE9 	 0
ZG16 	 0
ZG16B 	 0
ZGLP1 	 0
ZGPAT 	 0
ZHX1 	 0
ZHX1-C8ORF76 	 0
ZHX2 	 0
ZHX3 	 0
ZIC1 	 0
ZIC2 	 0
ZIC3 	 0
ZIC4 	 0
ZIC5 	 0
ZIK1 	 0
ZIM2 	 0
ZIM3 	 0
ZKSCAN1 	 0
ZKSCAN2 	 0
ZKSCAN3 	 0
ZKSCAN4 	 0
ZKSCAN5 	 0
ZMAT1 	 0
ZMAT2 	 0
ZMAT3 	 0
ZMAT4 	 0
ZMAT5 	 0
ZMIZ1 	 54
ZMIZ2 	 0
ZMPSTE24 	 0
ZMYM1 	 0
ZMYM2 	 867
ZMYM3 	 0
ZMYM4 	 0
ZMYM5 	 0
ZMYM6 	 0
ZMYM6NB 	 0
ZMYND10 	 0
ZMYND11 	 152
ZMYND12 	 0
ZMYND15 	 0
ZMYND19 	 0
ZMYND8 	 0
ZNF10 	 0
ZNF100 	 0
ZNF101 	 0
ZNF107 	 0
ZNF114 	 0
ZNF117 	 0
ZNF12 	 6
ZNF121 	 0
ZNF124 	 0
ZNF131 	 0
ZNF132 	 0
ZNF133 	 0
ZNF134 	 0
ZNF135 	 0
ZNF136 	 0
ZNF137P 	 0
ZNF138 	 0
ZNF14 	 0
ZNF140 	 0
ZNF141 	 0
ZNF142 	 0
ZNF143 	 0
ZNF146 	 0
ZNF148 	 0
ZNF154 	 0
ZNF155 	 0
ZNF157 	 0
ZNF16 	 0
ZNF160 	 0
ZNF165 	 0
ZNF167 	 0
ZNF169 	 0
ZNF17 	 0
ZNF174 	 0
ZNF175 	 0
ZNF177 	 0
ZNF18 	 0
ZNF180 	 0
ZNF181 	 0
ZNF182 	 0
ZNF184 	 0
ZNF185 	 0
ZNF187 	 0
ZNF189 	 0
ZNF19 	 0
ZNF192 	 0
ZNF193 	 0
ZNF195 	 0
ZNF197 	 0
ZNF2 	 0
ZNF20 	 0
ZNF200 	 0
ZNF202 	 0
ZNF204P 	 0
ZNF205 	 0
ZNF207 	 335
ZNF208 	 0
ZNF211 	 0
ZNF212 	 0
ZNF213 	 0
ZNF214 	 0
ZNF215 	 0
ZNF217 	 0
ZNF219 	 0
ZNF22 	 1
ZNF221 	 0
ZNF222 	 0
ZNF223 	 0
ZNF224 	 0
ZNF225 	 0
ZNF226 	 0
ZNF227 	 0
ZNF229 	 0
ZNF23 	 4
ZNF230 	 0
ZNF232 	 0
ZNF233 	 0
ZNF234 	 0
ZNF235 	 0
ZNF236 	 0
ZNF238 	 505
ZNF239 	 0
ZNF24 	 0
ZNF248 	 0
ZNF25 	 0
ZNF250 	 0
ZNF251 	 0
ZNF252 	 0
ZNF253 	 0
ZNF254 	 3
ZNF256 	 0
ZNF257 	 0
ZNF259 	 0
ZNF26 	 0
ZNF260 	 26
ZNF263 	 0
ZNF264 	 0
ZNF266 	 0
ZNF267 	 0
ZNF268 	 0
ZNF271 	 0
ZNF273 	 0
ZNF274 	 46
ZNF275 	 0
ZNF276 	 0
ZNF277 	 0
ZNF28 	 0
ZNF280A 	 0
ZNF280B 	 0
ZNF280C 	 0
ZNF280D 	 19
ZNF281 	 0
ZNF282 	 12
ZNF283 	 0
ZNF284 	 0
ZNF285 	 0
ZNF286A 	 37
ZNF286B 	 0
ZNF287 	 0
ZNF292 	 3
ZNF295 	 0
ZNF295-AS1 	 0
ZNF296 	 0
ZNF3 	 0
ZNF30 	 0
ZNF300 	 0
ZNF300P1 	 0
ZNF302 	 0
ZNF304 	 0
ZNF311 	 0
ZNF317 	 0
ZNF318 	 0
ZNF319 	 0
ZNF32 	 0
ZNF32-AS3 	 0
ZNF320 	 0
ZNF321P 	 0
ZNF322 	 0
ZNF323 	 0
ZNF324 	 0
ZNF324B 	 0
ZNF326 	 209
ZNF329 	 0
ZNF330 	 0
ZNF331 	 0
ZNF333 	 0
ZNF334 	 0
ZNF335 	 0
ZNF337 	 0
ZNF33A 	 0
ZNF33B 	 0
ZNF34 	 0
ZNF341 	 0
ZNF343 	 0
ZNF345 	 0
ZNF346 	 0
ZNF347 	 0
ZNF35 	 0
ZNF350 	 0
ZNF354A 	 0
ZNF354B 	 0
ZNF354C 	 0
ZNF358 	 0
ZNF362 	 0
ZNF365 	 0
ZNF366 	 0
ZNF367 	 0
ZNF37A 	 1
ZNF37BP 	 0
ZNF382 	 0
ZNF383 	 0
ZNF384 	 0
ZNF385A 	 0
ZNF385B 	 0
ZNF385C 	 0
ZNF385D 	 0
ZNF391 	 0
ZNF394 	 0
ZNF395 	 0
ZNF396 	 0
ZNF397 	 0
ZNF398 	 0
ZNF404 	 0
ZNF407 	 0
ZNF408 	 0
ZNF41 	 0
ZNF410 	 0
ZNF414 	 0
ZNF415 	 0
ZNF416 	 0
ZNF417 	 0
ZNF418 	 0
ZNF419 	 0
ZNF420 	 0
ZNF423 	 0
ZNF425 	 0
ZNF426 	 348
ZNF428 	 0
ZNF429 	 0
ZNF43 	 0
ZNF430 	 0
ZNF431 	 0
ZNF432 	 0
ZNF433 	 0
ZNF434 	 0
ZNF436 	 0
ZNF438 	 0
ZNF439 	 0
ZNF44 	 0
ZNF440 	 0
ZNF441 	 0
ZNF442 	 0
ZNF443 	 0
ZNF444 	 0
ZNF445 	 28
ZNF446 	 0
ZNF449 	 0
ZNF45 	 0
ZNF451 	 0
ZNF454 	 0
ZNF460 	 0
ZNF461 	 0
ZNF462 	 554
ZNF467 	 0
ZNF468 	 0
ZNF469 	 0
ZNF470 	 0
ZNF471 	 0
ZNF473 	 0
ZNF474 	 0
ZNF479 	 0
ZNF48 	 7
ZNF480 	 0
ZNF483 	 0
ZNF484 	 0
ZNF485 	 61
ZNF486 	 0
ZNF487P 	 0
ZNF488 	 0
ZNF490 	 42
ZNF491 	 0
ZNF492 	 0
ZNF493 	 4
ZNF496 	 0
ZNF497 	 0
ZNF498 	 0
ZNF500 	 0
ZNF501 	 0
ZNF502 	 0
ZNF503 	 0
ZNF503-AS1 	 0
ZNF503-AS2 	 0
ZNF506 	 0
ZNF507 	 0
ZNF510 	 0
ZNF511 	 0
ZNF512 	 0
ZNF512B 	 0
ZNF513 	 0
ZNF514 	 0
ZNF516 	 0
ZNF517 	 0
ZNF518A 	 0
ZNF518B 	 0
ZNF519 	 0
ZNF521 	 0
ZNF524 	 0
ZNF525 	 0
ZNF526 	 0
ZNF527 	 0
ZNF528 	 52
ZNF529 	 3
ZNF530 	 0
ZNF532 	 131
ZNF534 	 0
ZNF536 	 0
ZNF540 	 0
ZNF541 	 0
ZNF542 	 0
ZNF543 	 0
ZNF544 	 0
ZNF546 	 0
ZNF547 	 0
ZNF548 	 0
ZNF549 	 0
ZNF550 	 0
ZNF551 	 0
ZNF552 	 0
ZNF554 	 0
ZNF555 	 0
ZNF556 	 0
ZNF557 	 0
ZNF558 	 0
ZNF559 	 0
ZNF559-ZNF177 	 0
ZNF560 	 0
ZNF561 	 135
ZNF562 	 0
ZNF563 	 0
ZNF564 	 0
ZNF565 	 0
ZNF566 	 0
ZNF567 	 0
ZNF568 	 10
ZNF569 	 0
ZNF57 	 0
ZNF570 	 0
ZNF571 	 0
ZNF572 	 0
ZNF573 	 1
ZNF574 	 0
ZNF575 	 0
ZNF576 	 0
ZNF577 	 0
ZNF578 	 0
ZNF579 	 0
ZNF580 	 0
ZNF581 	 0
ZNF582 	 0
ZNF583 	 0
ZNF584 	 0
ZNF585A 	 0
ZNF585B 	 0
ZNF586 	 0
ZNF587 	 0
ZNF587B 	 0
ZNF589 	 0
ZNF592 	 0
ZNF593 	 0
ZNF594 	 0
ZNF595 	 0
ZNF596 	 0
ZNF597 	 0
ZNF598 	 0
ZNF599 	 0
ZNF600 	 0
ZNF605 	 0
ZNF606 	 0
ZNF607 	 0
ZNF608 	 0
ZNF609 	 0
ZNF610 	 0
ZNF611 	 0
ZNF613 	 0
ZNF614 	 0
ZNF615 	 0
ZNF616 	 0
ZNF618 	 0
ZNF619 	 0
ZNF620 	 0
ZNF621 	 0
ZNF622 	 0
ZNF623 	 0
ZNF624 	 0
ZNF625 	 0
ZNF625-ZNF20 	 0
ZNF626 	 0
ZNF627 	 0
ZNF628 	 0
ZNF629 	 0
ZNF630 	 0
ZNF638 	 426
ZNF639 	 0
ZNF641 	 0
ZNF642 	 0
ZNF643 	 0
ZNF644 	 169
ZNF645 	 0
ZNF646 	 0
ZNF648 	 0
ZNF649 	 9
ZNF652 	 0
ZNF653 	 0
ZNF654 	 0
ZNF655 	 0
ZNF658 	 0
ZNF660 	 0
ZNF662 	 0
ZNF663 	 0
ZNF664 	 0
ZNF664-FAM101A 	 0
ZNF665 	 0
ZNF667 	 0
ZNF668 	 0
ZNF669 	 0
ZNF670 	 0
ZNF670-ZNF695 	 0
ZNF671 	 0
ZNF672 	 0
ZNF673 	 0
ZNF674 	 0
ZNF675 	 0
ZNF676 	 0
ZNF677 	 0
ZNF678 	 0
ZNF679 	 0
ZNF680 	 0
ZNF681 	 0
ZNF682 	 28
ZNF683 	 0
ZNF684 	 0
ZNF687 	 0
ZNF688 	 0
ZNF689 	 0
ZNF69 	 0
ZNF691 	 0
ZNF692 	 0
ZNF695 	 0
ZNF696 	 0
ZNF697 	 0
ZNF699 	 0
ZNF7 	 0
ZNF70 	 0
ZNF700 	 0
ZNF701 	 0
ZNF702P 	 0
ZNF703 	 0
ZNF704 	 0
ZNF705A 	 0
ZNF705D 	 0
ZNF705G 	 0
ZNF706 	 0
ZNF707 	 0
ZNF708 	 0
ZNF709 	 0
ZNF71 	 0
ZNF710 	 0
ZNF711 	 52
ZNF713 	 0
ZNF714 	 0
ZNF716 	 0
ZNF717 	 55
ZNF718 	 0
ZNF720 	 0
ZNF721 	 0
ZNF724P 	 0
ZNF726 	 0
ZNF727 	 0
ZNF729 	 0
ZNF732 	 0
ZNF735 	 0
ZNF736 	 0
ZNF737 	 0
ZNF738 	 1
ZNF74 	 0
ZNF740 	 0
ZNF746 	 0
ZNF747 	 0
ZNF749 	 0
ZNF750 	 0
ZNF75A 	 0
ZNF75D 	 0
ZNF76 	 0
ZNF761 	 0
ZNF763 	 0
ZNF764 	 0
ZNF765 	 0
ZNF766 	 0
ZNF767 	 0
ZNF768 	 0
ZNF77 	 0
ZNF770 	 0
ZNF771 	 0
ZNF772 	 0
ZNF773 	 0
ZNF774 	 0
ZNF775 	 0
ZNF776 	 0
ZNF777 	 0
ZNF778 	 0
ZNF780A 	 0
ZNF780B 	 0
ZNF781 	 0
ZNF782 	 0
ZNF783 	 0
ZNF784 	 0
ZNF785 	 0
ZNF786 	 0
ZNF787 	 0
ZNF788 	 0
ZNF789 	 0
ZNF79 	 0
ZNF790 	 0
ZNF791 	 0
ZNF792 	 0
ZNF793 	 0
ZNF799 	 0
ZNF8 	 0
ZNF80 	 0
ZNF800 	 0
ZNF804A 	 0
ZNF804B 	 0
ZNF805 	 0
ZNF808 	 0
ZNF81 	 0
ZNF812 	 0
ZNF813 	 0
ZNF814 	 1
ZNF815 	 0
ZNF816 	 0
ZNF816-ZNF321P 	 0
ZNF821 	 0
ZNF823 	 0
ZNF826P 	 0
ZNF827 	 0
ZNF829 	 0
ZNF83 	 0
ZNF830 	 0
ZNF831 	 0
ZNF833P 	 0
ZNF835 	 0
ZNF836 	 0
ZNF837 	 0
ZNF839 	 0
ZNF84 	 0
ZNF841 	 0
ZNF843 	 0
ZNF844 	 0
ZNF845 	 0
ZNF846 	 0
ZNF847P 	 0
ZNF85 	 0
ZNF850 	 0
ZNF853 	 0
ZNF860 	 0
ZNF862 	 0
ZNF865 	 0
ZNF876P 	 0
ZNF878 	 0
ZNF879 	 0
ZNF880 	 0
ZNF883 	 0
ZNF890P 	 0
ZNF90 	 0
ZNF91 	 0
ZNF92 	 44
ZNF93 	 0
ZNF98 	 0
ZNF99 	 0
ZNFX1 	 0
ZNFX1-AS1 	 1
ZNHIT1 	 0
ZNHIT2 	 0
ZNHIT3 	 0
ZNHIT6 	 0
ZNRD1 	 0
ZNRD1-AS1 	 0
ZNRF1 	 23
ZNRF2 	 0
ZNRF2P1 	 0
ZNRF3 	 0
ZNRF4 	 0
ZP1 	 0
ZP2 	 0
ZP3 	 0
ZP4 	 0
ZPBP 	 0
ZPBP2 	 0
ZPLD1 	 0
ZRANB1 	 0
ZRANB2 	 0
ZRANB2-AS1 	 0
ZRANB2-AS2 	 0
ZRANB3 	 0
ZRSR2 	 0
ZSCAN1 	 0
ZSCAN10 	 0
ZSCAN12 	 0
ZSCAN12P1 	 0
ZSCAN16 	 560
ZSCAN18 	 0
ZSCAN2 	 0
ZSCAN20 	 0
ZSCAN21 	 0
ZSCAN22 	 0
ZSCAN23 	 0
ZSCAN29 	 0
ZSCAN30 	 0
ZSCAN4 	 0
ZSCAN5A 	 0
ZSCAN5B 	 0
ZSWIM1 	 0
ZSWIM2 	 0
ZSWIM3 	 0
ZSWIM4 	 0
ZSWIM5 	 449
ZSWIM6 	 0
ZSWIM7 	 0
ZUFSP 	 0
ZW10 	 0
ZWILCH 	 0
ZWINT 	 0
ZXDA 	 0
ZXDB 	 0
ZXDC 	 0
ZYG11A 	 0
ZYG11B 	 0
ZYX 	 31
ZZEF1 	 0
ZZZ3 	 2
tAKR 	 0
no_feature 	 585223
ambiguous 	 3254
alignment_not_unique 	 240808
